1100.  1780.00   0.28 0.0 0.100E+06  0.00  1.00  1.00  Teff, grav(MKS), Y, f_sed, kz_min, [Fe/H], C/O, f_hole
  1   0.0001778    388.73 2.6109E+03  0.0000  0.0000 1.2990E-08
  2   0.0002077    390.95 2.9795E+03  0.2991  0.0367 1.5084E-08
  3   0.0002425    393.42 3.3651E+03  0.2990  0.0405 1.7505E-08
  4   0.0002832    396.07 3.2676E+03  0.2990  0.0433 2.0306E-08
  5   0.0003307    398.91 3.1041E+03  0.2990  0.0460 2.3545E-08
  6   0.0003863    401.95 2.9599E+03  0.2989  0.0490 2.7288E-08
  7   0.0004511    405.21 2.8317E+03  0.2989  0.0520 3.1611E-08
  8   0.0005268    408.67 2.7182E+03  0.2989  0.0549 3.6603E-08
  9   0.0006152    412.34 2.6186E+03  0.2988  0.0576 4.2366E-08
 10   0.0007184    416.19 2.5324E+03  0.2988  0.0600 4.9017E-08
 11   0.0008390    420.23 2.4585E+03  0.2988  0.0622 5.6693E-08
 12   0.0009797    424.43 2.3958E+03  0.2987  0.0641 6.5552E-08
 13   0.0011442    428.77 2.3431E+03  0.2987  0.0657 7.5776E-08
 14   0.0013362    433.21 2.2988E+03  0.2986  0.0663 8.7587E-08
 15   0.0015604    437.69 2.2617E+03  0.2986  0.0664 1.0124E-07
 16   0.0018223    442.22 2.2305E+03  0.2986  0.0663 1.1702E-07
 17   0.0021281    446.76 2.2040E+03  0.2985  0.0659 1.3526E-07
 18   0.0024852    451.32 2.1814E+03  0.2985  0.0655 1.5637E-07
 19   0.0029022    455.89 2.1618E+03  0.2985  0.0649 1.8078E-07
 20   0.0033893    460.43 2.1445E+03  0.2984  0.0639 2.0903E-07
 21   0.0039580    464.97 2.1288E+03  0.2984  0.0632 2.4173E-07
 22   0.0046223    469.53 2.1144E+03  0.2984  0.0629 2.7955E-07
 23   0.0053979    474.14 2.1011E+03  0.2983  0.0631 3.2329E-07
 24   0.0063038    478.85 2.0887E+03  0.2983  0.0636 3.7383E-07
 25   0.0073617    483.66 2.0771E+03  0.2983  0.0645 4.3222E-07
 26   0.0085971    488.60 2.0664E+03  0.2983  0.0655 4.9966E-07
 27   0.0100398    493.66 2.0565E+03  0.2982  0.0664 5.7754E-07
 28   0.0117246    498.86 2.0474E+03  0.2982  0.0677 6.6741E-07
 29   0.0136922    504.24 2.0391E+03  0.2982  0.0691 7.7109E-07
 30   0.0159899    509.76 2.0315E+03  0.2981  0.0701 8.9075E-07
 31   0.0186732    515.41 2.0247E+03  0.2981  0.0711 1.0288E-06
 32   0.0218069    521.21 2.0187E+03  0.2981  0.0722 1.1881E-06
 33   0.0254664    527.20 2.0133E+03  0.2980  0.0736 1.3718E-06
 34   0.0297401    533.46 2.0086E+03  0.2980  0.0761 1.5832E-06
 35   0.0347309    540.08 2.0045E+03  0.2979  0.0795 1.8262E-06
 36   0.0405592    547.06 2.0009E+03  0.2979  0.0828 2.1054E-06
 37   0.0473657    554.41 1.9977E+03  0.2979  0.0860 2.4261E-06
 38   0.0553144    562.17 1.9950E+03  0.2978  0.0896 2.7941E-06
 39   0.0645969    570.40 1.9927E+03  0.2978  0.0937 3.2159E-06
 40   0.0754372    579.16 1.9907E+03  0.2977  0.0982 3.6988E-06
 41   0.0880967    588.49 1.9890E+03  0.2976  0.1030 4.2511E-06
 42   0.1028807    598.54 1.9876E+03  0.2975  0.1092 4.8812E-06
 43   0.1201456    609.33 1.9864E+03  0.2975  0.1152 5.5993E-06
 44   0.1403078    620.83 1.9854E+03  0.2974  0.1205 6.4177E-06
 45   0.1638535    633.08 1.9845E+03  0.2973  0.1259 7.3497E-06
 46   0.1913506    646.15 1.9838E+03  0.2971  0.1317 8.4095E-06
 47   0.2234621    660.12 1.9833E+03  0.2970  0.1379 9.6129E-06
 48   0.2609623    675.08 1.9828E+03  0.2968  0.1444 1.0977E-05
 49   0.3047557    691.15 1.9824E+03  0.2966  0.1516 1.2522E-05
 50   0.3558982    708.33 1.9821E+03  0.2964  0.1582 1.4268E-05
 51   0.4156232    726.61 1.9819E+03  0.2962  0.1643 1.6243E-05
 52   0.4853709    746.11 1.9817E+03  0.2958  0.1707 1.8473E-05
 53   0.5668234    766.92 1.9816E+03  0.2955  0.1774 2.0988E-05
 54   0.6619448    789.13 1.9815E+03  0.2951  0.1840 2.3820E-05
 55   0.7730289    812.81 1.9814E+03  0.2947  0.1906 2.7007E-05
 56   0.9027547    838.09 1.9813E+03  0.2941  0.1974 3.0589E-05
 57   1.0542503    865.04 1.9813E+03  0.2935  0.2040 3.4609E-05
 58   1.2311692    893.54 1.9812E+03  0.2929  0.2090 3.9127E-05
 59   1.4377777    923.74 1.9812E+03  0.2922  0.2143 4.4201E-05
 60   1.6790581    955.86 1.9811E+03  0.2912  0.2203 4.9885E-05
 61   1.9608290    989.79 1.9812E+03  0.2903  0.2249 5.6256E-05
 62   2.2898853   1025.66 1.9811E+03  0.2893  0.2295 6.3399E-05
 63   2.6741620   1063.97 1.9809E+03  0.2881  0.2364 7.1373E-05
 64   3.1229261   1104.84 1.9807E+03  0.2868  0.2429 8.0266E-05
 65   3.6469995   1147.85 1.9801E+03  0.2854  0.2462 9.0211E-05
 66   4.2590202   1192.23 1.9795E+03  0.2838  0.2445 1.0141E-04
 67   4.9737471   1236.75 1.9792E+03  0.2823  0.2363 1.1413E-04
 68   5.8084157   1280.77 1.9791E+03  0.2807  0.2255 1.2868E-04
 69   6.7831542   1324.55 1.9793E+03  0.2791  0.2167 1.4531E-04
 70   7.9214682   1368.39 1.9796E+03  0.2775  0.2099 1.6427E-04
 71   9.2508082   1412.74 1.9799E+03  0.2760  0.2056 1.8585E-04
 72  10.8032313   1457.46 1.9804E+03  0.2744  0.2009 2.1036E-04
 73  12.6161740   1501.57 1.9810E+03  0.2728  0.1922 2.3839E-04
 74  14.7333554   1546.03 1.9817E+03  0.2712  0.1881 2.7036E-04
 75  17.2058313   1591.78 1.9828E+03  0.2697  0.1880 3.0665E-04
 76  20.0932254   1639.84 1.9845E+03  0.2680  0.1917 3.4765E-04
 77  23.4651671   1691.32 1.9876E+03  0.2663  0.1993 3.9368E-04
 78  27.4029707   1747.76 1.9949E+03  0.2645  0.2116 4.4496E-04
 79  32.0015963   1814.04 3.8177E+06  0.2624  0.2399 5.0069E-04
 80  37.3719395   1889.06 1.3288E+07  0.2598  0.2612 5.6160E-04
 81  43.6435061   1966.35 2.7043E+07  0.2571  0.2585 6.3013E-04
 82  50.9675348   2045.98 4.3398E+07  0.2544  0.2559 7.0735E-04
 83  59.5206443   2127.79 5.5550E+07  0.2509  0.2527 7.9445E-04
 84  69.5090926   2211.74 6.3232E+07  0.2477  0.2494 8.9276E-04
 85  81.1737509   2297.90 6.7633E+07  0.2443  0.2463 1.0037E-03
 86  94.7959121   2385.93 6.9845E+07  0.2399  0.2423 1.1288E-03
 87 110.7040744   2475.77 7.1982E+07  0.2360  0.2383 1.2698E-03
 88 129.2818626   2567.50 7.3815E+07  0.2321  0.2345 1.4292E-03
 89 150.9772797   2660.74 7.5384E+07  0.2269  0.2299 1.6095E-03
 90 176.3135100   2755.31 7.6699E+07  0.2223  0.2251 1.8140E-03
 91 205.9015361   2851.32 8.2997E+07  0.2181  0.2208 2.0453E-03
