1200.   316.00   0.28 0.0 0.100E+06  0.00  1.00  1.00  Teff, grav(MKS), Y, f_sed, kz_min, [Fe/H], C/O, f_hole
  1   0.0001778    509.88 2.9624E+04  0.0000  0.0000 9.9046E-09
  2   0.0002050    512.32 3.2296E+04  0.2981  0.0335 1.1366E-08
  3   0.0002364    515.21 3.5449E+04  0.2981  0.0395 1.3031E-08
  4   0.0002726    518.40 3.3705E+04  0.2981  0.0434 1.4932E-08
  5   0.0003143    521.84 3.2046E+04  0.2981  0.0464 1.7104E-08
  6   0.0003624    525.48 3.0960E+04  0.2980  0.0488 1.9584E-08
  7   0.0004178    529.27 3.0188E+04  0.2980  0.0505 2.2419E-08
  8   0.0004817    533.16 2.9610E+04  0.2980  0.0515 2.5660E-08
  9   0.0005555    537.14 2.9155E+04  0.2980  0.0522 2.9367E-08
 10   0.0006404    541.18 2.8783E+04  0.2979  0.0526 3.3607E-08
 11   0.0007384    545.27 2.8467E+04  0.2979  0.0529 3.8458E-08
 12   0.0008514    549.41 2.8190E+04  0.2979  0.0531 4.4008E-08
 13   0.0009817    553.59 2.7941E+04  0.2979  0.0533 5.0358E-08
 14   0.0011319    557.83 2.7713E+04  0.2978  0.0535 5.7622E-08
 15   0.0013051    562.13 2.7503E+04  0.2978  0.0539 6.5930E-08
 16   0.0015048    566.51 2.7307E+04  0.2978  0.0545 7.5429E-08
 17   0.0017350    570.98 2.7124E+04  0.2977  0.0552 8.6289E-08
 18   0.0020005    575.55 2.6953E+04  0.2977  0.0560 9.8702E-08
 19   0.0023066    580.23 2.6793E+04  0.2977  0.0569 1.1289E-07
 20   0.0026595    585.02 2.6644E+04  0.2976  0.0577 1.2910E-07
 21   0.0030664    589.87 2.6505E+04  0.2976  0.0580 1.4763E-07
 22   0.0035356    594.80 2.6376E+04  0.2976  0.0585 1.6881E-07
 23   0.0040766    599.86 2.6255E+04  0.2975  0.0595 1.9299E-07
 24   0.0047003    605.08 2.6142E+04  0.2975  0.0608 2.2060E-07
 25   0.0054195    610.45 2.6038E+04  0.2974  0.0621 2.5212E-07
 26   0.0062487    615.99 2.5941E+04  0.2974  0.0635 2.8807E-07
 27   0.0072048    621.71 2.5852E+04  0.2973  0.0649 3.2909E-07
 28   0.0083072    627.60 2.5770E+04  0.2973  0.0663 3.7588E-07
 29   0.0095782    633.68 2.5695E+04  0.2973  0.0676 4.2923E-07
 30   0.0110437    639.91 2.5626E+04  0.2972  0.0688 4.9008E-07
 31   0.0127335    646.42 2.5562E+04  0.2971  0.0711 5.5938E-07
 32   0.0146818    653.29 2.5503E+04  0.2970  0.0743 6.3819E-07
 33   0.0169282    660.58 2.5448E+04  0.2969  0.0780 7.2773E-07
 34   0.0195183    668.31 2.5399E+04  0.2968  0.0817 8.2939E-07
 35   0.0225047    676.49 2.5354E+04  0.2967  0.0855 9.4472E-07
 36   0.0259481    685.15 2.5314E+04  0.2966  0.0893 1.0755E-06
 37   0.0299183    694.31 2.5277E+04  0.2965  0.0933 1.2237E-06
 38   0.0344960    704.07 2.5245E+04  0.2964  0.0981 1.3913E-06
 39   0.0397741    714.56 2.5215E+04  0.2963  0.1038 1.5807E-06
 40   0.0458598    725.84 2.5189E+04  0.2961  0.1099 1.7942E-06
 41   0.0528766    738.00 2.5166E+04  0.2959  0.1167 2.0347E-06
 42   0.0609670    751.08 2.5146E+04  0.2957  0.1234 2.3052E-06
 43   0.0702953    765.04 2.5129E+04  0.2955  0.1294 2.6094E-06
 44   0.0810509    779.89 2.5114E+04  0.2952  0.1350 2.9513E-06
 45   0.0934522    795.64 2.5102E+04  0.2950  0.1404 3.3354E-06
 46   0.1077510    812.46 2.5091E+04  0.2946  0.1469 3.7664E-06
 47   0.1242375    830.66 2.5082E+04  0.2942  0.1557 4.2477E-06
 48   0.1432466    850.13 2.5074E+04  0.2938  0.1627 4.7854E-06
 49   0.1651642    870.70 2.5068E+04  0.2933  0.1679 5.3867E-06
 50   0.1904353    892.23 2.5063E+04  0.2929  0.1716 6.0601E-06
 51   0.2195731    914.70 2.5058E+04  0.2923  0.1747 6.8149E-06
 52   0.2531691    938.41 2.5054E+04  0.2916  0.1798 7.6590E-06
 53   0.2919055    963.68 2.5051E+04  0.2909  0.1866 8.6004E-06
 54   0.3365688    990.28 2.5048E+04  0.2902  0.1912 9.6487E-06
 55   0.3880659   1017.16 2.5046E+04  0.2895  0.1881 1.0828E-05
 56   0.4474423   1044.11 2.5045E+04  0.2885  0.1837 1.2159E-05
 57   0.5159037   1071.72 2.5044E+04  0.2876  0.1833 1.3656E-05
 58   0.5948400   1100.38 2.5044E+04  0.2867  0.1854 1.5336E-05
 59   0.6858542   1130.03 2.5043E+04  0.2858  0.1867 1.7219E-05
 60   0.7907940   1160.56 2.5043E+04  0.2847  0.1872 1.9333E-05
 61   0.9117902   1191.95 2.5043E+04  0.2836  0.1875 2.1708E-05
 62   1.0512997   1223.92 2.5044E+04  0.2825  0.1859 2.4375E-05
 63   1.2121549   1255.45 2.5045E+04  0.2814  0.1786 2.7393E-05
 64   1.3976219   1287.14 2.5046E+04  0.2803  0.1751 3.0805E-05
 65   1.6114665   1319.49 2.5047E+04  0.2791  0.1744 3.4648E-05
 66   1.8580306   1352.81 2.5048E+04  0.2779  0.1752 3.8966E-05
 67   2.1423205   1387.30 2.5050E+04  0.2766  0.1768 4.3813E-05
 68   2.4701084   1423.09 2.5052E+04  0.2754  0.1789 4.9248E-05
 69   2.8480499   1460.34 2.5054E+04  0.2741  0.1815 5.5336E-05
 70   3.2838188   1499.29 2.5057E+04  0.2727  0.1849 6.2142E-05
 71   3.7862629   1540.67 2.5061E+04  0.2712  0.1912 6.9723E-05
 72   4.3655840   1585.02 2.5067E+04  0.2697  0.1993 7.8142E-05
 73   5.0335447   1633.20 2.5077E+04  0.2680  0.2103 8.7446E-05
 74   5.8037074   1687.23 8.0225E+05  0.2660  0.2286 9.7608E-05
 75   6.6917097   1752.12 8.1478E+06  0.2639  0.2651 1.0840E-04
 76   7.7155817   1818.91 2.0666E+07  0.2615  0.2628 1.2043E-04
 77   8.8961123   1887.49 3.7535E+07  0.2583  0.2600 1.3384E-04
 78  10.2572713   1957.82 5.7013E+07  0.2554  0.2570 1.4881E-04
 79  11.8266957   2029.97 7.2077E+07  0.2527  0.2542 1.6552E-04
 80  13.6362516   2103.71 8.3002E+07  0.2483  0.2506 1.8417E-04
 81  15.7226804   2178.85 8.9370E+07  0.2443  0.2465 2.0502E-04
 82  18.1283455   2255.48 9.3454E+07  0.2406  0.2428 2.2830E-04
 83  20.9020919   2333.45 9.7267E+07  0.2354  0.2387 2.5433E-04
 84  24.1002382   2412.19 1.0050E+08  0.2300  0.2331 2.8355E-04
 85  27.7877202   2491.83 1.0323E+08  0.2252  0.2282 3.1632E-04
 86  32.0394092   2572.45 1.0558E+08  0.2202  0.2236 3.5306E-04
 87  36.9416323   2653.46 1.0758E+08  0.2140  0.2178 3.9429E-04
 88  42.5939252   2734.80 1.0927E+08  0.2085  0.2121 4.4060E-04
 89  49.1110530   2816.51 1.1069E+08  0.2034  0.2068 4.9263E-04
 90  56.6253408   2898.76 1.1191E+08  0.1984  0.2022 5.5111E-04
 91  65.2893599   2981.17 1.1757E+08  0.1933  0.1969 6.1687E-04
