1201.    31.60   0.28 0.0 0.100E+06  0.00  1.00  1.00  Teff, grav(MKS), Y, f_sed, kz_min, [Fe/H], C/O, f_hole
  1   0.0001778    621.64 2.7693E+05  0.0000  0.0000 8.1192E-09
  2   0.0002029    623.84 2.9586E+05  0.2973  0.0268 9.2314E-09
  3   0.0002314    626.76 3.2016E+05  0.2973  0.0355 1.0484E-08
  4   0.0002640    630.14 3.0785E+05  0.2973  0.0408 1.1898E-08
  5   0.0003012    633.88 2.9801E+05  0.2972  0.0450 1.3497E-08
  6   0.0003437    637.84 2.9122E+05  0.2972  0.0472 1.5300E-08
  7   0.0003921    641.93 2.8592E+05  0.2971  0.0484 1.7341E-08
  8   0.0004473    646.14 2.8155E+05  0.2971  0.0496 1.9652E-08
  9   0.0005103    650.49 2.7782E+05  0.2970  0.0509 2.2268E-08
 10   0.0005821    654.98 2.7456E+05  0.2970  0.0522 2.5227E-08
 11   0.0006641    659.62 2.7166E+05  0.2969  0.0535 2.8575E-08
 12   0.0007577    664.44 2.6901E+05  0.2969  0.0553 3.2363E-08
 13   0.0008644    669.49 2.6656E+05  0.2968  0.0575 3.6644E-08
 14   0.0009861    674.78 2.6428E+05  0.2968  0.0598 4.1483E-08
 15   0.0011250    680.24 2.6218E+05  0.2967  0.0611 4.6944E-08
 16   0.0012834    685.79 2.6025E+05  0.2966  0.0617 5.3120E-08
 17   0.0014642    691.50 2.5846E+05  0.2966  0.0629 6.0100E-08
 18   0.0016704    697.38 2.5680E+05  0.2965  0.0643 6.7985E-08
 19   0.0019057    703.48 2.5525E+05  0.2964  0.0660 7.6891E-08
 20   0.0021741    709.80 2.5381E+05  0.2964  0.0679 8.6944E-08
 21   0.0024803    716.39 2.5246E+05  0.2962  0.0701 9.8285E-08
 22   0.0028296    723.27 2.5121E+05  0.2961  0.0726 1.1107E-07
 23   0.0032281    730.36 2.5006E+05  0.2960  0.0740 1.2547E-07
 24   0.0036828    737.39 2.4903E+05  0.2959  0.0728 1.4174E-07
 25   0.0042015    744.56 2.4808E+05  0.2958  0.0735 1.6012E-07
 26   0.0047932    751.97 2.4721E+05  0.2956  0.0751 1.8085E-07
 27   0.0054683    759.70 2.4640E+05  0.2955  0.0776 2.0421E-07
 28   0.0062384    767.84 2.4565E+05  0.2954  0.0810 2.3051E-07
 29   0.0071171    776.50 2.4495E+05  0.2952  0.0851 2.6006E-07
 30   0.0081194    785.75 2.4430E+05  0.2951  0.0898 2.9324E-07
 31   0.0092630    795.66 2.4370E+05  0.2949  0.0951 3.3045E-07
 32   0.0105676    806.08 2.4318E+05  0.2947  0.0987 3.7211E-07
 33   0.0120559    816.25 2.4274E+05  0.2945  0.0952 4.1910E-07
 34   0.0137539    826.52 2.4236E+05  0.2942  0.0949 4.7208E-07
 35   0.0156910    837.05 2.4204E+05  0.2940  0.0961 5.3171E-07
 36   0.0179009    848.00 2.4177E+05  0.2937  0.0986 5.9873E-07
 37   0.0204221    859.51 2.4153E+05  0.2935  0.1023 6.7393E-07
 38   0.0232984    871.70 2.4133E+05  0.2932  0.1069 7.5819E-07
 39   0.0265797    884.67 2.4117E+05  0.2930  0.1121 8.5248E-07
 40   0.0303232    898.34 2.4104E+05  0.2927  0.1164 9.5802E-07
 41   0.0345940    912.06 2.4094E+05  0.2923  0.1150 1.0762E-06
 42   0.0394662    925.65 2.4085E+05  0.2919  0.1123 1.2095E-06
 43   0.0450247    939.56 2.4077E+05  0.2915  0.1132 1.3593E-06
 44   0.0513660    954.02 2.4070E+05  0.2910  0.1159 1.5272E-06
 45   0.0586004    969.24 2.4062E+05  0.2906  0.1202 1.7149E-06
 46   0.0668537    985.41 2.4056E+05  0.2902  0.1255 1.9246E-06
 47   0.0762695   1002.58 2.4048E+05  0.2897  0.1311 2.1584E-06
 48   0.0870113   1020.58 2.4038E+05  0.2892  0.1350 2.4192E-06
 49   0.0992661   1039.29 2.4024E+05  0.2886  0.1379 2.7104E-06
 50   0.1132468   1058.60 2.4009E+05  0.2879  0.1397 3.0353E-06
 51   0.1291965   1078.71 2.3991E+05  0.2873  0.1428 3.3979E-06
 52   0.1473927   1099.86 2.3973E+05  0.2866  0.1473 3.8019E-06
 53   0.1681515   1122.16 2.3954E+05  0.2859  0.1523 4.2514E-06
 54   0.1918341   1145.64 2.3935E+05  0.2851  0.1572 4.7508E-06
 55   0.2188522   1170.27 2.3917E+05  0.2842  0.1614 5.3060E-06
 56   0.2496755   1195.94 2.3899E+05  0.2833  0.1647 5.9233E-06
 57   0.2848400   1222.61 2.3882E+05  0.2824  0.1674 6.6102E-06
 58   0.3249570   1250.43 2.3866E+05  0.2815  0.1708 7.3733E-06
 59   0.3707242   1279.90 2.3852E+05  0.2805  0.1768 8.2179E-06
 60   0.4229373   1311.03 2.3839E+05  0.2793  0.1824 9.1526E-06
 61   0.4825041   1343.99 2.3827E+05  0.2781  0.1885 1.0186E-05
 62   0.5504603   1378.94 2.3816E+05  0.2769  0.1948 1.1326E-05
 63   0.6279875   1416.10 2.3807E+05  0.2756  0.2018 1.2582E-05
 64   0.7164338   1455.82 2.3799E+05  0.2741  0.2099 1.3962E-05
 65   0.8173368   1498.84 2.3792E+05  0.2725  0.2210 1.5472E-05
 66   0.9324511   1548.12 1.6099E+06  0.2708  0.2455 1.7090E-05
 67   1.0637782   1604.17 6.8061E+06  0.2689  0.2699 1.8817E-05
 68   1.2136015   1661.76 1.5012E+07  0.2663  0.2677 2.0730E-05
 69   1.3845260   1720.83 2.5409E+07  0.2637  0.2651 2.2843E-05
 70   1.5795237   1781.41 3.8365E+07  0.2613  0.2626 2.5180E-05
 71   1.8019850   1843.52 5.2585E+07  0.2580  0.2601 2.7766E-05
 72   2.0557778   1906.81 6.5605E+07  0.2541  0.2562 3.0633E-05
 73   2.3453151   1971.34 7.5991E+07  0.2506  0.2526 3.3805E-05
 74   2.6756310   2037.17 8.3012E+07  0.2470  0.2493 3.7316E-05
 75   3.0524688   2103.80 8.8083E+07  0.2410  0.2443 4.1213E-05
 76   3.4823807   2171.02 9.2631E+07  0.2356  0.2387 4.5543E-05
 77   3.9728417   2238.92 9.6531E+07  0.2308  0.2337 5.0357E-05
 78   4.5323796   2307.59 1.0009E+08  0.2247  0.2293 5.5703E-05
 79   5.1707233   2376.00 1.0308E+08  0.2175  0.2217 6.1671E-05
 80   5.8989717   2444.30 1.0555E+08  0.2111  0.2151 6.8325E-05
 81   6.7297872   2512.61 1.0763E+08  0.2055  0.2092 7.5751E-05
 82   7.6776153   2581.01 1.0945E+08  0.1993  0.2038 8.4026E-05
 83   8.7589362   2648.89 1.1096E+08  0.1927  0.1970 9.3292E-05
 84   9.9925511   2716.35 1.1222E+08  0.1868  0.1909 1.0366E-04
 85  11.3999093   2783.45 1.1327E+08  0.1813  0.1852 1.1517E-04
 86  13.0054808   2850.29 1.1413E+08  0.1764  0.1801 1.2804E-04
 87  14.8371822   2916.98 1.1485E+08  0.1721  0.1755 1.4240E-04
 88  16.9268617   2983.59 1.1545E+08  0.1680  0.1713 1.5841E-04
 89  19.3108532   3050.06 1.1595E+08  0.1639  0.1672 1.7635E-04
 90  22.0306078   3116.42 1.1636E+08  0.1602  0.1634 1.9642E-04
 91  25.1334146   3182.73 1.1818E+08  0.1567  0.1598 2.1887E-04
