1300.    10.00   0.28 0.0 0.100E+06  0.00  1.00  1.00  Teff, grav(MKS), Y, f_sed, kz_min, [Fe/H], C/O, f_hole
  1   0.0001778    674.59 5.3474E+05  0.0000  0.0000 7.4747E-09
  2   0.0002018    677.12 5.5914E+05  0.2967  0.0296 8.4518E-09
  3   0.0002290    680.56 5.9141E+05  0.2967  0.0401 9.5425E-09
  4   0.0002599    684.47 5.5871E+05  0.2966  0.0453 1.0769E-08
  5   0.0002949    688.63 5.2804E+05  0.2966  0.0480 1.2146E-08
  6   0.0003347    692.88 5.0028E+05  0.2965  0.0485 1.3699E-08
  7   0.0003798    697.26 4.7245E+05  0.2965  0.0499 1.5445E-08
  8   0.0004311    701.91 4.4309E+05  0.2964  0.0524 1.7415E-08
  9   0.0004892    706.79 4.1115E+05  0.2964  0.0548 1.9626E-08
 10   0.0005551    711.91 3.7550E+05  0.2963  0.0571 2.2112E-08
 11   0.0006300    717.26 3.3486E+05  0.2962  0.0591 2.4913E-08
 12   0.0007149    722.79 2.8766E+05  0.2961  0.0608 2.8059E-08
 13   0.0008113    728.50 2.3293E+05  0.2960  0.0622 3.1598E-08
 14   0.0009207    734.37 1.6969E+05  0.2959  0.0634 3.5577E-08
 15   0.0010449    740.28 9.8031E+04  0.2958  0.0634 4.0053E-08
 16   0.0011857    746.25 1.9124E+04  0.2957  0.0635 4.5076E-08
 17   0.0013456    752.44 0.0000E+00  0.2956  0.0653 5.0726E-08
 18   0.0015271    758.90 0.0000E+00  0.2955  0.0675 5.7073E-08
 19   0.0017330    765.63 0.0000E+00  0.2954  0.0698 6.4196E-08
 20   0.0019666    772.63 0.0000E+00  0.2953  0.0719 7.2192E-08
 21   0.0022318    779.93 0.0000E+00  0.2952  0.0744 8.1166E-08
 22   0.0025327    787.61 0.0000E+00  0.2950  0.0774 9.1224E-08
 23   0.0028742    795.65 0.0000E+00  0.2949  0.0803 1.0250E-07
 24   0.0032618    803.95 0.0000E+00  0.2947  0.0820 1.1512E-07
 25   0.0037016    812.56 0.0000E+00  0.2945  0.0842 1.2924E-07
 26   0.0042007    821.63 0.0000E+00  0.2943  0.0878 1.4504E-07
 27   0.0047671    831.19 0.0000E+00  0.2941  0.0915 1.6269E-07
 28   0.0054099    841.28 0.0000E+00  0.2939  0.0953 1.8242E-07
 29   0.0061393    851.90 0.0000E+00  0.2937  0.0992 2.0443E-07
 30   0.0069671    863.08 0.0000E+00  0.2934  0.1031 2.2900E-07
 31   0.0079065    874.86 0.0000E+00  0.2932  0.1072 2.5639E-07
 32   0.0089726    887.30 0.0000E+00  0.2929  0.1116 2.8691E-07
 33   0.0101824    900.31 0.0000E+00  0.2926  0.1150 3.2091E-07
 34   0.0115554    913.76 0.0000E+00  0.2922  0.1172 3.5881E-07
 35   0.0131135    927.65 0.0000E+00  0.2918  0.1193 4.0109E-07
 36   0.0148816    941.97 0.0000E+00  0.2914  0.1211 4.4825E-07
 37   0.0168882    956.80 0.0000E+00  0.2910  0.1235 5.0081E-07
 38   0.0191653    972.15 0.0000E+00  0.2906  0.1258 5.5936E-07
 39   0.0217495    988.02 0.0000E+00  0.2901  0.1281 6.2457E-07
 40   0.0246821   1004.41 0.0000E+00  0.2897  0.1300 6.9721E-07
 41   0.0280101   1021.25 0.0000E+00  0.2891  0.1315 7.7820E-07
 42   0.0317869   1038.27 0.0000E+00  0.2886  0.1307 8.6865E-07
 43   0.0360729   1055.45 0.0000E+00  0.2880  0.1297 9.6972E-07
 44   0.0409368   1072.98 0.0000E+00  0.2874  0.1303 1.0825E-06
 45   0.0464565   1091.08 0.0000E+00  0.2868  0.1323 1.2080E-06
 46   0.0527205   1109.93 0.0000E+00  0.2862  0.1354 1.3476E-06
 47   0.0598290   1129.54 0.0000E+00  0.2856  0.1385 1.5028E-06
 48   0.0678961   1149.92 0.0000E+00  0.2849  0.1413 1.6752E-06
 49   0.0770509   1171.12 1.2819E+05  0.2841  0.1444 1.8667E-06
 50   0.0874401   1193.35 8.2190E+05  0.2834  0.1487 2.0789E-06
 51   0.0992301   1216.83 1.4487E+06  0.2825  0.1541 2.3137E-06
 52   0.1126099   1242.17 1.9986E+06  0.2817  0.1630 2.5721E-06
 53   0.1277937   1269.90 2.4838E+06  0.2808  0.1745 2.8552E-06
 54   0.1450248   1300.03 2.9061E+06  0.2797  0.1854 3.1650E-06
 55   0.1645792   1332.67 3.2779E+06  0.2785  0.1960 3.5038E-06
 56   0.1867703   1368.02 3.5944E+06  0.2772  0.2070 3.8735E-06
 57   0.2119536   1406.60 3.8459E+06  0.2759  0.2199 4.2752E-06
 58   0.2405324   1450.72 4.8811E+06  0.2743  0.2442 4.7041E-06
 59   0.2729647   1501.76 8.6221E+06  0.2722  0.2733 5.1572E-06
 60   0.3097700   1554.17 1.5030E+07  0.2702  0.2712 5.6558E-06
 61   0.3515380   1608.00 2.4224E+07  0.2681  0.2692 6.2048E-06
 62   0.3989377   1663.17 3.5834E+07  0.2651  0.2667 6.8102E-06
 63   0.4527287   1719.58 4.8635E+07  0.2621  0.2637 7.4775E-06
 64   0.5137725   1777.26 6.2528E+07  0.2594  0.2609 8.2125E-06
 65   0.5830472   1836.27 7.7135E+07  0.2554  0.2582 9.0220E-06
 66   0.6616626   1896.03 9.0044E+07  0.2505  0.2532 9.9157E-06
 67   0.7508782   1956.59 1.0043E+08  0.2460  0.2485 1.0902E-05
 68   0.8521231   2018.00 1.0930E+08  0.2420  0.2443 1.1992E-05
 69   0.9670195   2079.94 1.1727E+08  0.2347  0.2390 1.3199E-05
 70   1.0974079   2141.80 1.2450E+08  0.2276  0.2317 1.4539E-05
 71   1.2453774   2203.65 1.3090E+08  0.2212  0.2251 1.6026E-05
 72   1.4132983   2265.61 1.3651E+08  0.2157  0.2192 1.7674E-05
 73   1.6038609   2327.35 1.4142E+08  0.2074  0.2126 1.9505E-05
 74   1.8201181   2388.32 1.4549E+08  0.1997  0.2045 2.1544E-05
 75   2.0655345   2448.63 1.4883E+08  0.1926  0.1972 2.3814E-05
 76   2.3440416   2508.41 1.5160E+08  0.1864  0.1907 2.6345E-05
 77   2.6601014   2567.78 1.5395E+08  0.1806  0.1849 2.9160E-05
 78   3.0187772   2626.52 1.5596E+08  0.1746  0.1788 3.2303E-05
 79   3.4258152   2684.65 1.5764E+08  0.1690  0.1731 3.5784E-05
 80   3.8877364   2742.22 1.5903E+08  0.1638  0.1677 3.9653E-05
 81   4.4119408   2799.25 1.6016E+08  0.1590  0.1627 4.3956E-05
 82   5.0068266   2855.80 1.6106E+08  0.1548  0.1581 4.8763E-05
 83   5.6819240   2912.23 1.6180E+08  0.1519  0.1547 5.4107E-05
 84   6.4480484   2968.68 1.6242E+08  0.1489  0.1518 6.0051E-05
 85   7.3174735   3025.08 1.6293E+08  0.1460  0.1488 6.6688E-05
 86   8.3041279   3081.41 1.6336E+08  0.1431  0.1459 7.4114E-05
 87   9.4238183   3137.65 1.6371E+08  0.1403  0.1430 8.2415E-05
 88  10.6944825   3193.76 1.6399E+08  0.1376  0.1401 9.1587E-05
 89  12.1364772   3250.22 1.6422E+08  0.1369  0.1385 1.0167E-04
 90  13.7729038   3307.31 1.6441E+08  0.1359  0.1377 1.1291E-04
 91  15.6299787   3364.95 1.6532E+08  0.1349  0.1366 1.2540E-04
