1400.    17.80   0.28 0.0 0.100E+06  0.00  1.00  1.00  Teff, grav(MKS), Y, f_sed, kz_min, [Fe/H], C/O, f_hole
  1   0.0001778    710.44 3.6447E+05  0.0000  0.0000 7.1001E-09
  2   0.0001995    712.92 3.7962E+05  0.2963  0.0303 7.9392E-09
  3   0.0002239    716.30 4.0049E+05  0.2962  0.0410 8.8668E-09
  4   0.0002512    720.10 4.2747E+05  0.2962  0.0459 9.8975E-09
  5   0.0002819    724.16 4.1172E+05  0.2961  0.0488 1.1045E-08
  6   0.0003163    728.20 3.9902E+05  0.2960  0.0483 1.2324E-08
  7   0.0003549    732.27 3.8991E+05  0.2959  0.0484 1.3751E-08
  8   0.0003983    736.53 3.8246E+05  0.2959  0.0504 1.5341E-08
  9   0.0004469    740.97 3.7599E+05  0.2958  0.0522 1.7110E-08
 10   0.0005014    745.59 3.7014E+05  0.2957  0.0539 1.9080E-08
 11   0.0005627    750.37 3.6465E+05  0.2956  0.0555 2.1273E-08
 12   0.0006313    755.32 3.5937E+05  0.2956  0.0570 2.3715E-08
 13   0.0007084    760.40 3.5414E+05  0.2955  0.0583 2.6433E-08
 14   0.0007949    765.62 3.4885E+05  0.2954  0.0593 2.9459E-08
 15   0.0008920    770.95 3.4337E+05  0.2953  0.0602 3.2827E-08
 16   0.0010008    776.29 3.3761E+05  0.2952  0.0599 3.6582E-08
 17   0.0011230    781.56 3.3152E+05  0.2951  0.0587 4.0766E-08
 18   0.0012601    786.89 3.2501E+05  0.2950  0.0590 4.5429E-08
 19   0.0014140    792.38 3.1796E+05  0.2950  0.0604 5.0621E-08
 20   0.0015866    797.99 3.1005E+05  0.2949  0.0612 5.6403E-08
 21   0.0017803    803.69 3.0118E+05  0.2947  0.0618 6.2843E-08
 22   0.0019976    809.54 2.9141E+05  0.2946  0.0630 7.0011E-08
 23   0.0022415    815.56 2.8062E+05  0.2944  0.0643 7.7985E-08
 24   0.0025151    821.72 2.6867E+05  0.2943  0.0653 8.6856E-08
 25   0.0028222    828.04 2.5543E+05  0.2942  0.0665 9.6724E-08
 26   0.0031667    834.31 2.4103E+05  0.2940  0.0655 1.0771E-07
 27   0.0035533    840.61 2.2564E+05  0.2939  0.0653 1.1994E-07
 28   0.0039871    847.19 2.0914E+05  0.2937  0.0677 1.3353E-07
 29   0.0044739    854.08 1.9140E+05  0.2936  0.0704 1.4861E-07
 30   0.0050200    861.32 1.7226E+05  0.2934  0.0733 1.6535E-07
 31   0.0056329    868.93 1.5158E+05  0.2932  0.0763 1.8391E-07
 32   0.0063206    876.91 1.2920E+05  0.2931  0.0793 2.0448E-07
 33   0.0070922    885.24 1.0507E+05  0.2929  0.0821 2.2729E-07
 34   0.0079580    893.93 7.9380E+04  0.2927  0.0848 2.5257E-07
 35   0.0089295    902.88 5.3606E+04  0.2925  0.0864 2.8062E-07
 36   0.0100197    911.87 2.9382E+04  0.2922  0.0861 3.1179E-07
 37   0.0112429    920.97 7.2538E+03  0.2919  0.0862 3.4638E-07
 38   0.0126154    930.44 0.0000E+00  0.2917  0.0888 3.8471E-07
 39   0.0141555    940.38 0.0000E+00  0.2914  0.0923 4.2710E-07
 40   0.0158836    950.80 0.0000E+00  0.2911  0.0956 4.7399E-07
 41   0.0178227    961.67 0.0000E+00  0.2908  0.0987 5.2585E-07
 42   0.0199986    972.97 0.0000E+00  0.2905  0.1014 5.8319E-07
 43   0.0224400    984.68 0.0000E+00  0.2902  0.1038 6.4659E-07
 44   0.0251795    996.77 0.0000E+00  0.2898  0.1059 7.1672E-07
 45   0.0282535   1009.16 0.0000E+00  0.2895  0.1073 7.9436E-07
 46   0.0317027   1021.74 3.8429E+04  0.2890  0.1075 8.8036E-07
 47   0.0355730   1034.91 9.8249E+04  0.2886  0.1112 9.7525E-07
 48   0.0399158   1048.91 1.6930E+05  0.2882  0.1167 1.0797E-06
 49   0.0447888   1063.80 2.5050E+05  0.2877  0.1224 1.1945E-06
 50   0.0502567   1079.65 3.4115E+05  0.2872  0.1284 1.3207E-06
 51   0.0563921   1096.46 4.4093E+05  0.2866  0.1341 1.4592E-06
 52   0.0632765   1114.20 5.4624E+05  0.2861  0.1393 1.6113E-06
 53   0.0710014   1132.95 6.5252E+05  0.2855  0.1449 1.7781E-06
 54   0.0796693   1152.75 7.5671E+05  0.2848  0.1505 1.9609E-06
 55   0.0893954   1173.66 8.5546E+05  0.2840  0.1561 2.1611E-06
 56   0.1003090   1195.84 9.4437E+05  0.2833  0.1625 2.3799E-06
 57   0.1125548   1219.74 1.0224E+06  0.2824  0.1718 2.6181E-06
 58   0.1262957   1245.65 1.0926E+06  0.2816  0.1825 2.8766E-06
 59   0.1417140   1273.52 1.1548E+06  0.2807  0.1921 3.1572E-06
 60   0.1590147   1303.44 1.2089E+06  0.2795  0.2016 3.4613E-06
 61   0.1784274   1335.49 1.2568E+06  0.2784  0.2109 3.7906E-06
 62   0.2002101   1369.95 1.2975E+06  0.2771  0.2212 4.1464E-06
 63   0.2246520   1407.15 1.3302E+06  0.2758  0.2326 4.5296E-06
 64   0.2520778   1451.16 2.8477E+06  0.2743  0.2674 4.9284E-06
 65   0.2828518   1497.58 6.3041E+06  0.2723  0.2733 5.3589E-06
 66   0.3173828   1545.14 1.1899E+07  0.2704  0.2714 5.8285E-06
 67   0.3561293   1593.86 1.9780E+07  0.2686  0.2695 6.3411E-06
 68   0.3996061   1643.74 3.0026E+07  0.2661  0.2675 6.9012E-06
 69   0.4483905   1694.65 4.2023E+07  0.2634  0.2648 7.5137E-06
 70   0.5031307   1746.60 5.5344E+07  0.2608  0.2622 8.1823E-06
 71   0.5645536   1799.64 7.0522E+07  0.2584  0.2597 8.9128E-06
 72   0.6334751   1853.58 8.6734E+07  0.2539  0.2564 9.7109E-06
 73   0.7108106   1908.16 1.0171E+08  0.2496  0.2520 1.0584E-05
 74   0.7975873   1963.43 1.1482E+08  0.2456  0.2479 1.1540E-05
 75   0.8949579   2019.44 1.2674E+08  0.2420  0.2442 1.2586E-05
 76   1.0042156   2075.84 1.3796E+08  0.2353  0.2392 1.3735E-05
 77   1.1268116   2132.19 1.4840E+08  0.2288  0.2325 1.4997E-05
 78   1.2643743   2188.55 1.5810E+08  0.2230  0.2265 1.6386E-05
 79   1.4187309   2245.00 1.6688E+08  0.2178  0.2211 1.7911E-05
 80   1.5919316   2301.56 1.7500E+08  0.2112  0.2160 1.9586E-05
 81   1.7862768   2357.47 1.8196E+08  0.2039  0.2084 2.1436E-05
 82   2.0043479   2412.81 1.8780E+08  0.1972  0.2014 2.3475E-05
 83   2.2490415   2467.66 1.9267E+08  0.1912  0.1952 2.5724E-05
 84   2.5236076   2522.14 1.9676E+08  0.1858  0.1896 2.8206E-05
 85   2.8316931   2576.26 2.0028E+08  0.1803  0.1843 3.0942E-05
 86   3.1773902   2629.86 2.0337E+08  0.1749  0.1788 3.3958E-05
 87   3.5652904   2682.96 2.0595E+08  0.1699  0.1736 3.7274E-05
 88   4.0005460   2735.60 2.0811E+08  0.1651  0.1687 4.0925E-05
 89   4.4889382   2787.80 2.0991E+08  0.1607  0.1641 4.4947E-05
 90   5.0369540   2839.60 2.1139E+08  0.1565  0.1598 4.9394E-05
 91   5.6518723   2891.21 2.1904E+08  0.1537  0.1564 5.4298E-05
