1400.  3160.00   0.28 0.0 0.100E+06  0.00  1.00  1.00  Teff, grav(MKS), Y, f_sed, kz_min, [Fe/H], C/O, f_hole
  1   0.0001778    535.03 7.9142E+03  0.0000  0.0000 9.4405E-09
  2   0.0002077    538.04 8.7380E+03  0.2980  0.0362 1.0964E-08
  3   0.0002426    541.42 9.5754E+03  0.2979  0.0403 1.2725E-08
  4   0.0002833    545.03 9.4837E+03  0.2979  0.0428 1.4764E-08
  5   0.0003309    548.90 9.2394E+03  0.2979  0.0455 1.7122E-08
  6   0.0003865    553.02 9.0091E+03  0.2979  0.0482 1.9849E-08
  7   0.0004514    557.39 8.7903E+03  0.2978  0.0506 2.3001E-08
  8   0.0005273    561.97 8.5824E+03  0.2978  0.0528 2.6644E-08
  9   0.0006158    566.77 8.3856E+03  0.2978  0.0547 3.0856E-08
 10   0.0007193    571.76 8.2003E+03  0.2977  0.0564 3.5724E-08
 11   0.0008401    576.90 8.0262E+03  0.2977  0.0577 4.1354E-08
 12   0.0009812    582.22 7.8633E+03  0.2977  0.0591 4.7863E-08
 13   0.0011460    587.71 7.7132E+03  0.2976  0.0604 5.5384E-08
 14   0.0013386    593.33 7.5769E+03  0.2976  0.0613 6.4076E-08
 15   0.0015634    599.05 7.4547E+03  0.2975  0.0618 7.4126E-08
 16   0.0018260    604.84 7.3466E+03  0.2975  0.0619 8.5747E-08
 17   0.0021327    610.68 7.2518E+03  0.2974  0.0618 9.9191E-08
 18   0.0024910    616.52 7.1693E+03  0.2974  0.0614 1.1475E-07
 19   0.0029094    622.34 7.0976E+03  0.2973  0.0605 1.3277E-07
 20   0.0033981    628.08 7.0351E+03  0.2973  0.0591 1.5365E-07
 21   0.0039689    633.73 6.9804E+03  0.2973  0.0576 1.7785E-07
 22   0.0046356    639.28 6.9319E+03  0.2972  0.0562 2.0592E-07
 23   0.0054143    644.76 6.8886E+03  0.2971  0.0550 2.3846E-07
 24   0.0063237    650.23 6.8494E+03  0.2970  0.0543 2.7617E-07
 25   0.0073860    655.72 6.8136E+03  0.2970  0.0542 3.1988E-07
 26   0.0086266    661.25 6.7807E+03  0.2969  0.0541 3.7050E-07
 27   0.0100757    666.79 6.7504E+03  0.2968  0.0537 4.2914E-07
 28   0.0117681    672.33 6.7223E+03  0.2968  0.0534 4.9710E-07
 29   0.0137449    677.95 6.6962E+03  0.2967  0.0536 5.7579E-07
 30   0.0160537    683.68 6.6719E+03  0.2966  0.0542 6.6686E-07
 31   0.0187503    689.53 6.6494E+03  0.2966  0.0549 7.7226E-07
 32   0.0218999    695.51 6.6285E+03  0.2965  0.0557 8.9420E-07
 33   0.0255785    701.66 6.6092E+03  0.2964  0.0567 1.0352E-06
 34   0.0298751    707.99 6.5913E+03  0.2964  0.0578 1.1983E-06
 35   0.0348934    714.53 6.5747E+03  0.2963  0.0592 1.3868E-06
 36   0.0407546    721.38 6.5593E+03  0.2962  0.0615 1.6043E-06
 37   0.0476004    728.63 6.5451E+03  0.2960  0.0644 1.8552E-06
 38   0.0555961    736.39 6.5320E+03  0.2959  0.0682 2.1440E-06
 39   0.0649348    744.68 6.5201E+03  0.2958  0.0721 2.4763E-06
 40   0.0758423    753.56 6.5092E+03  0.2956  0.0763 2.8582E-06
 41   0.0885819    763.07 6.4995E+03  0.2955  0.0808 3.2967E-06
 42   0.1034614    773.32 6.4907E+03  0.2953  0.0859 3.7994E-06
 43   0.1208404    784.36 6.4828E+03  0.2951  0.0914 4.3750E-06
 44   0.1411386    796.23 6.4758E+03  0.2949  0.0967 5.0336E-06
 45   0.1648464    809.01 6.4695E+03  0.2947  0.1026 5.7865E-06
 46   0.1925365    822.85 6.4639E+03  0.2944  0.1093 6.6450E-06
 47   0.2248778    837.75 6.4590E+03  0.2940  0.1155 7.6234E-06
 48   0.2626517    853.73 6.4547E+03  0.2937  0.1217 8.7373E-06
 49   0.3067707    870.88 6.4509E+03  0.2933  0.1281 1.0004E-05
 50   0.3583005    889.13 6.4477E+03  0.2929  0.1336 1.1444E-05
 51   0.4184862    908.45 6.4449E+03  0.2924  0.1384 1.3081E-05
 52   0.4887814    929.14 6.4424E+03  0.2919  0.1450 1.4938E-05
 53   0.5708846    951.19 6.4401E+03  0.2912  0.1510 1.7042E-05
 54   0.6667791    974.58 6.4381E+03  0.2906  0.1565 1.9425E-05
 55   0.7787814    999.37 6.4363E+03  0.2899  0.1617 2.2124E-05
 56   0.9095974   1025.75 6.4348E+03  0.2891  0.1678 2.5177E-05
 57   1.0623872   1054.26 6.4332E+03  0.2882  0.1766 2.8613E-05
 58   1.2408419   1083.91 6.4317E+03  0.2873  0.1786 3.2499E-05
 59   1.4492725   1114.56 6.4306E+03  0.2863  0.1796 3.6905E-05
 60   1.6927144   1146.08 6.4298E+03  0.2853  0.1796 4.1911E-05
 61   1.9770484   1179.06 6.4293E+03  0.2841  0.1827 4.7581E-05
 62   2.3091435   1213.92 6.4288E+03  0.2829  0.1876 5.3981E-05
 63   2.6970224   1250.43 6.4287E+03  0.2816  0.1908 6.1214E-05
 64   3.1500553   1288.53 6.4291E+03  0.2803  0.1933 6.9383E-05
 65   3.6791864   1326.42 6.4302E+03  0.2789  0.1867 7.8700E-05
 66   4.2971985   1364.23 6.4316E+03  0.2775  0.1810 8.9357E-05
 67   5.0190213   1402.71 6.4333E+03  0.2762  0.1792 1.0150E-04
 68   5.8620924   1442.39 6.4353E+03  0.2748  0.1797 1.1529E-04
 69   6.8467786   1483.65 6.4377E+03  0.2733  0.1816 1.3093E-04
 70   7.9968676   1526.80 6.4411E+03  0.2718  0.1846 1.4861E-04
 71   9.3401430   1571.94 6.4456E+03  0.2703  0.1876 1.6860E-04
 72  10.9090554   1619.44 6.4521E+03  0.2687  0.1917 1.9114E-04
 73  12.7415062   1670.33 6.4609E+03  0.2669  0.1992 2.1643E-04
 74  14.8817633   1725.84 6.4731E+03  0.2650  0.2105 2.4468E-04
 75  17.3815305   1790.58 4.1073E+06  0.2630  0.2372 2.7550E-04
 76  20.3011965   1864.88 1.6997E+07  0.2603  0.2618 3.0906E-04
 77  23.7112941   1941.38 3.9097E+07  0.2574  0.2589 3.4683E-04
 78  27.6942035   2020.14 7.2882E+07  0.2547  0.2561 3.8934E-04
 79  32.3461429   2101.08 1.0966E+08  0.2509  0.2530 4.3735E-04
 80  37.7794928   2183.99 1.3357E+08  0.2473  0.2493 4.9149E-04
 81  44.1255107   2268.97 1.5037E+08  0.2439  0.2458 5.5249E-04
 82  51.5375022   2355.80 1.6220E+08  0.2390  0.2419 6.2137E-04
 83  60.1945245   2444.12 1.7109E+08  0.2343  0.2370 6.9924E-04
 84  70.3057119   2534.06 1.7887E+08  0.2302  0.2327 7.8735E-04
 85  82.1153280   2625.48 1.8566E+08  0.2247  0.2282 8.8710E-04
 86  95.9086667   2717.80 1.9133E+08  0.2192  0.2226 1.0003E-03
 87 112.0189443   2811.19 1.9606E+08  0.2145  0.2176 1.1283E-03
 88 130.8353490   2905.77 2.0013E+08  0.2095  0.2131 1.2730E-03
 89 152.8124430   3001.01 2.0350E+08  0.2042  0.2077 1.4384E-03
 90 178.4811439   3097.01 2.0632E+08  0.1995  0.2028 1.6241E-03
 91 208.4615500   3193.84 2.1778E+08  0.1952  0.1983 1.8370E-03
