1500.   562.00   0.28 0.0 0.100E+06  0.00  1.00  1.00  Teff, grav(MKS), Y, f_sed, kz_min, [Fe/H], C/O, f_hole
  1   0.0001778    652.87 5.6976E+04  0.0000  0.0000 7.7274E-09
  2   0.0002049    656.76 6.1282E+04  0.2970  0.0420 8.8515E-09
  3   0.0002361    661.09 6.5772E+04  0.2969  0.0463 1.0133E-08
  4   0.0002721    665.84 6.4475E+04  0.2969  0.0504 1.1594E-08
  5   0.0003136    670.67 6.2582E+04  0.2968  0.0510 1.3264E-08
  6   0.0003614    675.43 6.1047E+04  0.2967  0.0499 1.5173E-08
  7   0.0004164    680.33 5.9761E+04  0.2967  0.0510 1.7357E-08
  8   0.0004798    685.40 5.8659E+04  0.2966  0.0524 1.9852E-08
  9   0.0005530    690.66 5.7700E+04  0.2966  0.0539 2.2703E-08
 10   0.0006372    696.13 5.6856E+04  0.2965  0.0556 2.5958E-08
 11   0.0007343    701.83 5.6105E+04  0.2964  0.0574 2.9675E-08
 12   0.0008462    707.75 5.5432E+04  0.2964  0.0593 3.3917E-08
 13   0.0009751    713.83 5.4830E+04  0.2963  0.0603 3.8763E-08
 14   0.0011236    719.77 5.4298E+04  0.2962  0.0585 4.4299E-08
 15   0.0012948    725.53 5.3831E+04  0.2961  0.0562 5.0639E-08
 16   0.0014921    731.25 5.3420E+04  0.2960  0.0553 5.7889E-08
 17   0.0017194    736.97 5.3053E+04  0.2959  0.0550 6.6184E-08
 18   0.0019814    742.77 5.2721E+04  0.2958  0.0553 7.5669E-08
 19   0.0022833    748.68 5.2416E+04  0.2957  0.0559 8.6510E-08
 20   0.0026311    754.74 5.2133E+04  0.2956  0.0568 9.8897E-08
 21   0.0030320    760.80 5.1870E+04  0.2955  0.0564 1.1307E-07
 22   0.0034939    766.66 5.1626E+04  0.2954  0.0541 1.2928E-07
 23   0.0040263    772.45 5.1399E+04  0.2953  0.0531 1.4784E-07
 24   0.0046397    778.34 5.1186E+04  0.2952  0.0536 1.6908E-07
 25   0.0053466    784.40 5.0983E+04  0.2951  0.0546 1.9334E-07
 26   0.0061612    790.67 5.0790E+04  0.2950  0.0562 2.2105E-07
 27   0.0070998    797.21 5.0605E+04  0.2949  0.0581 2.5268E-07
 28   0.0081815    803.99 5.0429E+04  0.2947  0.0598 2.8877E-07
 29   0.0094280    810.95 5.0265E+04  0.2946  0.0608 3.2995E-07
 30   0.0108645    817.89 5.0113E+04  0.2944  0.0600 3.7695E-07
 31   0.0125197    824.65 4.9973E+04  0.2942  0.0580 4.3072E-07
 32   0.0144272    831.59 4.9845E+04  0.2941  0.0591 4.9213E-07
 33   0.0166252    838.81 4.9724E+04  0.2939  0.0610 5.6218E-07
 34   0.0191582    846.43 4.9610E+04  0.2937  0.0637 6.4200E-07
 35   0.0220770    854.53 4.9503E+04  0.2936  0.0672 7.3284E-07
 36   0.0254406    863.23 4.9402E+04  0.2934  0.0714 8.3610E-07
 37   0.0293166    872.50 4.9306E+04  0.2932  0.0753 9.5347E-07
 38   0.0337831    882.03 4.9219E+04  0.2930  0.0767 1.0868E-06
 39   0.0389302    891.75 4.9140E+04  0.2928  0.0773 1.2386E-06
 40   0.0448614    901.90 4.9069E+04  0.2925  0.0798 1.4112E-06
 41   0.0516963    912.46 4.9002E+04  0.2922  0.0821 1.6072E-06
 42   0.0595725    923.61 4.8941E+04  0.2919  0.0856 1.8296E-06
 43   0.0686487    935.50 4.8883E+04  0.2915  0.0903 2.0816E-06
 44   0.0791077    948.26 4.8828E+04  0.2912  0.0955 2.3667E-06
 45   0.0911602    961.98 4.8775E+04  0.2908  0.1013 2.6887E-06
 46   0.1050490    976.49 4.8725E+04  0.2904  0.1056 3.0526E-06
 47   0.1210538    991.34 4.8677E+04  0.2900  0.1064 3.4646E-06
 48   0.1394970   1006.77 4.8630E+04  0.2896  0.1089 3.9310E-06
 49   0.1607501   1022.76 4.8580E+04  0.2891  0.1111 4.4588E-06
 50   0.1852413   1039.62 4.8528E+04  0.2885  0.1153 5.0548E-06
 51   0.2134638   1057.49 4.8473E+04  0.2879  0.1202 5.7268E-06
 52   0.2459862   1076.50 4.8415E+04  0.2873  0.1256 6.4834E-06
 53   0.2834636   1096.67 4.8351E+04  0.2867  0.1309 7.3348E-06
 54   0.3266508   1117.78 4.8281E+04  0.2860  0.1344 8.2920E-06
 55   0.3764179   1139.53 4.8213E+04  0.2853  0.1359 9.3715E-06
 56   0.4337672   1162.60 4.8147E+04  0.2845  0.1414 1.0584E-05
 57   0.4998540   1187.26 4.8086E+04  0.2836  0.1480 1.1944E-05
 58   0.5760096   1213.60 4.8029E+04  0.2827  0.1547 1.3465E-05
 59   0.6637678   1241.59 4.7977E+04  0.2818  0.1608 1.5168E-05
 60   0.7648965   1271.13 4.7931E+04  0.2808  0.1658 1.7073E-05
 61   0.8814327   1302.03 4.7891E+04  0.2797  0.1694 1.9208E-05
 62   1.0157238   1334.27 4.7857E+04  0.2785  0.1724 2.1600E-05
 63   1.1704749   1368.09 4.7831E+04  0.2773  0.1766 2.4274E-05
 64   1.3488032   1403.76 4.7809E+04  0.2761  0.1815 2.7260E-05
 65   1.5543009   1441.28 4.7794E+04  0.2748  0.1860 3.0596E-05
 66   1.7911072   1480.82 4.7783E+04  0.2733  0.1908 3.4317E-05
 67   2.0639922   1522.69 4.7777E+04  0.2718  0.1966 3.8458E-05
 68   2.3784528   1567.53 4.7775E+04  0.2702  0.2046 4.3051E-05
 69   2.7408233   1616.08 4.7777E+04  0.2686  0.2151 4.8122E-05
 70   3.1584028   1675.54 4.2222E+06  0.2663  0.2548 5.3493E-05
 71   3.6396029   1739.75 1.4190E+07  0.2639  0.2652 5.9383E-05
 72   4.1941165   1805.80 3.0149E+07  0.2615  0.2628 6.5948E-05
 73   4.8331133   1873.61 5.2446E+07  0.2581  0.2599 7.3259E-05
 74   5.5694647   1943.04 8.1301E+07  0.2549  0.2566 8.1422E-05
 75   6.4180034   2014.16 1.1153E+08  0.2518  0.2535 9.0533E-05
 76   7.3958217   2086.85 1.3870E+08  0.2472  0.2500 1.0069E-04
 77   8.5226159   2160.66 1.6173E+08  0.2425  0.2451 1.1205E-04
 78   9.8210835   2235.69 1.8090E+08  0.2383  0.2407 1.2476E-04
 79  11.3173797   2312.05 1.9822E+08  0.2330  0.2368 1.3895E-04
 80  13.0416450   2388.81 2.1333E+08  0.2266  0.2303 1.5489E-04
 81  15.0286115   2466.05 2.2592E+08  0.2210  0.2244 1.7277E-04
 82  17.3183034   2543.95 2.3651E+08  0.2161  0.2193 1.9283E-04
 83  19.9568425   2622.16 2.4546E+08  0.2092  0.2135 2.1535E-04
 84  22.9973776   2700.26 2.5280E+08  0.2029  0.2070 2.4072E-04
 85  26.5011550   2778.41 2.5888E+08  0.1974  0.2012 2.6925E-04
 86  30.5387522   2856.69 2.6390E+08  0.1923  0.1959 3.0138E-04
 87  35.1914996   2935.05 2.6811E+08  0.1870  0.1908 3.3735E-04
 88  40.5531187   3013.42 2.7162E+08  0.1821  0.1858 3.7778E-04
 89  46.7316101   3091.81 2.7455E+08  0.1776  0.1811 4.2332E-04
 90  53.8514288   3170.29 2.7697E+08  0.1734  0.1768 4.7452E-04
 91  62.0559911   3249.02 2.8703E+08  0.1701  0.1730 5.3212E-04
