1500.  3160.00   0.28 0.0 0.100E+06  0.00  1.00  1.00  Teff, grav(MKS), Y, f_sed, kz_min, [Fe/H], C/O, f_hole
  1   0.0001778    599.87 1.2366E+04  0.0000  0.0000 8.4173E-09
  2   0.0002077    602.75 1.3545E+04  0.2975  0.0308 9.7854E-09
  3   0.0002426    606.02 1.4770E+04  0.2975  0.0349 1.1369E-08
  4   0.0002833    609.66 1.4687E+04  0.2974  0.0385 1.3202E-08
  5   0.0003309    613.53 1.4376E+04  0.2974  0.0408 1.5323E-08
  6   0.0003865    617.56 1.4079E+04  0.2974  0.0422 1.7779E-08
  7   0.0004514    621.85 1.3795E+04  0.2973  0.0446 2.0621E-08
  8   0.0005273    626.40 1.3523E+04  0.2973  0.0469 2.3908E-08
  9   0.0006158    631.21 1.3263E+04  0.2973  0.0493 2.7710E-08
 10   0.0007193    636.29 1.3017E+04  0.2972  0.0516 3.2104E-08
 11   0.0008401    641.64 1.2786E+04  0.2972  0.0539 3.7182E-08
 12   0.0009812    647.21 1.2571E+04  0.2971  0.0557 4.3053E-08
 13   0.0011460    653.13 1.2372E+04  0.2970  0.0586 4.9825E-08
 14   0.0013386    659.19 1.2189E+04  0.2969  0.0595 5.7658E-08
 15   0.0015634    665.22 1.2022E+04  0.2969  0.0586 6.6732E-08
 16   0.0018260    671.26 1.1870E+04  0.2968  0.0582 7.7242E-08
 17   0.0021327    677.32 1.1730E+04  0.2967  0.0579 8.9414E-08
 18   0.0024910    683.43 1.1604E+04  0.2967  0.0578 1.0351E-07
 19   0.0029094    689.58 1.1489E+04  0.2966  0.0577 1.1984E-07
 20   0.0033981    695.67 1.1387E+04  0.2965  0.0567 1.3874E-07
 21   0.0039689    701.63 1.1296E+04  0.2964  0.0549 1.6065E-07
 22   0.0046356    707.52 1.1214E+04  0.2964  0.0538 1.8606E-07
 23   0.0054143    713.36 1.1141E+04  0.2963  0.0530 2.1552E-07
 24   0.0063237    719.20 1.1074E+04  0.2962  0.0525 2.4966E-07
 25   0.0073860    725.09 1.1012E+04  0.2961  0.0525 2.8922E-07
 26   0.0086266    731.09 1.0955E+04  0.2960  0.0531 3.3504E-07
 27   0.0100757    737.17 1.0901E+04  0.2959  0.0534 3.8813E-07
 28   0.0117681    743.23 1.0850E+04  0.2958  0.0528 4.4962E-07
 29   0.0137449    749.31 1.0803E+04  0.2957  0.0525 5.2088E-07
 30   0.0160537    755.49 1.0759E+04  0.2956  0.0529 6.0340E-07
 31   0.0187503    761.80 1.0717E+04  0.2955  0.0536 6.9892E-07
 32   0.0218999    768.28 1.0678E+04  0.2954  0.0546 8.0945E-07
 33   0.0255785    774.98 1.0642E+04  0.2952  0.0559 9.3729E-07
 34   0.0298751    781.90 1.0608E+04  0.2951  0.0573 1.0851E-06
 35   0.0348934    789.00 1.0577E+04  0.2950  0.0582 1.2559E-06
 36   0.0407546    796.32 1.0548E+04  0.2949  0.0595 1.4532E-06
 37   0.0476004    804.03 1.0522E+04  0.2947  0.0620 1.6810E-06
 38   0.0555961    812.21 1.0497E+04  0.2945  0.0652 1.9435E-06
 39   0.0649348    820.95 1.0474E+04  0.2943  0.0689 2.2458E-06
 40   0.0758423    830.37 1.0453E+04  0.2941  0.0735 2.5934E-06
 41   0.0885819    840.61 1.0434E+04  0.2939  0.0789 2.9925E-06
 42   0.1034614    851.78 1.0415E+04  0.2937  0.0850 3.4497E-06
 43   0.1208404    863.72 1.0399E+04  0.2934  0.0896 3.9732E-06
 44   0.1411386    876.36 1.0385E+04  0.2931  0.0936 4.5732E-06
 45   0.1648464    889.75 1.0372E+04  0.2928  0.0977 5.2604E-06
 46   0.1925365    903.97 1.0360E+04  0.2925  0.1021 6.0468E-06
 47   0.2248778    919.15 1.0350E+04  0.2921  0.1072 6.9457E-06
 48   0.2626517    935.52 1.0341E+04  0.2916  0.1137 7.9710E-06
 49   0.3067707    953.33 1.0333E+04  0.2911  0.1215 9.1372E-06
 50   0.3583005    972.21 1.0326E+04  0.2906  0.1262 1.0463E-05
 51   0.4184862    991.87 1.0321E+04  0.2901  0.1289 1.1977E-05
 52   0.4887814   1012.36 1.0316E+04  0.2895  0.1317 1.3703E-05
 53   0.5708846   1033.73 1.0312E+04  0.2888  0.1345 1.5671E-05
 54   0.6667791   1056.39 1.0309E+04  0.2880  0.1396 1.7911E-05
 55   0.7787814   1080.71 1.0306E+04  0.2873  0.1466 2.0451E-05
 56   0.9095974   1107.00 1.0304E+04  0.2865  0.1548 2.3323E-05
 57   1.0623872   1135.13 1.0302E+04  0.2856  0.1616 2.6564E-05
 58   1.2408419   1163.70 1.0300E+04  0.2846  0.1601 3.0256E-05
 59   1.4492725   1193.27 1.0299E+04  0.2835  0.1616 3.4459E-05
 60   1.6927144   1224.27 1.0299E+04  0.2824  0.1651 3.9226E-05
 61   1.9770484   1256.82 1.0298E+04  0.2813  0.1690 4.4629E-05
 62   2.3091435   1291.13 1.0298E+04  0.2802  0.1735 5.0746E-05
 63   2.6970224   1327.12 1.0298E+04  0.2788  0.1770 5.7670E-05
 64   3.1500553   1364.40 1.0299E+04  0.2775  0.1784 6.5514E-05
 65   3.6791864   1402.13 1.0301E+04  0.2762  0.1757 7.4444E-05
 66   4.2971985   1440.86 1.0302E+04  0.2749  0.1755 8.4605E-05
 67   5.0190213   1481.13 1.0305E+04  0.2734  0.1775 9.6130E-05
 68   5.8620924   1523.39 1.0308E+04  0.2719  0.1812 1.0917E-04
 69   6.8467786   1567.93 1.0313E+04  0.2704  0.1856 1.2389E-04
 70   7.9968676   1615.27 1.0319E+04  0.2688  0.1916 1.4047E-04
 71   9.3401430   1666.18 1.0328E+04  0.2669  0.1998 1.5907E-04
 72  10.9090554   1721.45 1.0341E+04  0.2650  0.2102 1.7984E-04
 73  12.7415062   1789.14 6.1607E+06  0.2629  0.2484 2.0214E-04
 74  14.8817633   1863.35 2.0985E+07  0.2601  0.2617 2.2675E-04
 75  17.3815305   1939.72 4.6157E+07  0.2571  0.2587 2.5446E-04
 76  20.3011965   2018.30 8.3157E+07  0.2542  0.2558 2.8568E-04
 77  23.7112941   2099.03 1.2702E+08  0.2503  0.2526 3.2093E-04
 78  27.6942035   2181.63 1.5926E+08  0.2464  0.2486 3.6074E-04
 79  32.3461429   2266.18 1.8062E+08  0.2429  0.2449 4.0551E-04
 80  37.7794928   2352.51 1.9904E+08  0.2377  0.2408 4.5608E-04
 81  44.1255107   2440.15 2.1391E+08  0.2327  0.2356 5.1332E-04
 82  51.5375022   2529.21 2.2638E+08  0.2281  0.2309 5.7812E-04
 83  60.1945245   2619.65 2.3712E+08  0.2224  0.2263 6.5146E-04
 84  70.3057119   2710.78 2.4604E+08  0.2167  0.2202 7.3472E-04
 85  82.1153280   2802.72 2.5346E+08  0.2115  0.2148 8.2919E-04
 86  95.9086667   2895.66 2.5980E+08  0.2064  0.2101 9.3652E-04
 87 112.0189443   2989.16 2.6506E+08  0.2010  0.2047 1.0580E-03
 88 130.8353490   3083.17 2.6940E+08  0.1959  0.1994 1.1949E-03
 89 152.8124430   3177.86 2.7300E+08  0.1915  0.1948 1.3516E-03
 90 178.4811439   3273.38 2.7596E+08  0.1875  0.1907 1.5300E-03
 91 208.4615500   3369.67 2.8699E+08  0.1836  0.1867 1.7309E-03
