1600.   316.00   0.28 0.0 0.100E+06  0.00  1.00  1.00  Teff, grav(MKS), Y, f_sed, kz_min, [Fe/H], C/O, f_hole
  1   0.0001778    715.84 7.7621E+04  0.0000  0.0000 7.0469E-09
  2   0.0002041    720.03 8.3777E+04  0.2962  0.0423 8.0408E-09
  3   0.0002342    724.76 9.0495E+04  0.2961  0.0475 9.1687E-09
  4   0.0002688    729.91 9.0008E+04  0.2960  0.0513 1.0450E-08
  5   0.0003085    735.11 8.9296E+04  0.2959  0.0516 1.1909E-08
  6   0.0003541    740.17 8.9427E+04  0.2958  0.0498 1.3573E-08
  7   0.0004064    745.32 9.0181E+04  0.2957  0.0503 1.5469E-08
  8   0.0004664    750.63 9.1444E+04  0.2956  0.0515 1.7628E-08
  9   0.0005353    756.12 9.3147E+04  0.2956  0.0529 2.0085E-08
 10   0.0006143    761.75 9.5235E+04  0.2955  0.0538 2.2881E-08
 11   0.0007050    767.41 9.7638E+04  0.2954  0.0538 2.6066E-08
 12   0.0008092    773.14 1.0033E+05  0.2953  0.0540 2.9695E-08
 13   0.0009286    779.06 1.0340E+05  0.2952  0.0554 3.3822E-08
 14   0.0010658    784.78 1.0688E+05  0.2951  0.0532 3.8531E-08
 15   0.0012232    790.27 1.1074E+05  0.2950  0.0506 4.3910E-08
 16   0.0014038    795.86 1.1503E+05  0.2949  0.0511 5.0039E-08
 17   0.0016111    801.55 1.1987E+05  0.2948  0.0518 5.7023E-08
 18   0.0018491    807.42 1.2540E+05  0.2946  0.0529 6.4973E-08
 19   0.0021221    813.47 1.3173E+05  0.2945  0.0542 7.4020E-08
 20   0.0024355    819.71 1.3901E+05  0.2943  0.0555 8.4312E-08
 21   0.0027952    826.12 1.4741E+05  0.2942  0.0565 9.6021E-08
 22   0.0032080    832.09 1.5670E+05  0.2941  0.0522 1.0941E-07
 23   0.0036818    837.62 1.6642E+05  0.2939  0.0481 1.2472E-07
 24   0.0042255    843.31 1.7650E+05  0.2938  0.0491 1.4216E-07
 25   0.0048495    849.19 1.8691E+05  0.2937  0.0505 1.6201E-07
 26   0.0055657    855.31 1.9765E+05  0.2935  0.0522 1.8460E-07
 27   0.0063877    861.71 2.0877E+05  0.2934  0.0541 2.1029E-07
 28   0.0073310    868.40 2.2038E+05  0.2932  0.0561 2.3949E-07
 29   0.0084136    875.38 2.3266E+05  0.2931  0.0581 2.7268E-07
 30   0.0096562    882.57 2.4584E+05  0.2929  0.0594 3.1042E-07
 31   0.0110822    889.67 2.6004E+05  0.2928  0.0581 3.5341E-07
 32   0.0127188    896.80 2.7524E+05  0.2926  0.0580 4.0235E-07
 33   0.0145971    904.32 2.9233E+05  0.2924  0.0607 4.5793E-07
 34   0.0167528    912.28 3.1257E+05  0.2922  0.0636 5.2099E-07
 35   0.0192269    920.58 3.3594E+05  0.2919  0.0658 5.9257E-07
 36   0.0220663    929.23 3.6206E+05  0.2917  0.0679 6.7379E-07
 37   0.0253251    938.36 3.9151E+05  0.2914  0.0710 7.6581E-07
 38   0.0290651    947.91 4.2503E+05  0.2912  0.0735 8.7011E-07
 39   0.0333574    957.59 4.6267E+05  0.2909  0.0737 9.8837E-07
 40   0.0382837    967.56 5.0373E+05  0.2906  0.0752 1.1225E-06
 41   0.0439374    978.23 5.4800E+05  0.2903  0.0796 1.2741E-06
 42   0.0504261    989.66 5.9538E+05  0.2900  0.0843 1.4454E-06
 43   0.0578730   1001.94 6.4816E+05  0.2897  0.0895 1.6387E-06
 44   0.0664197   1015.00 7.0905E+05  0.2893  0.0941 1.8566E-06
 45   0.0762286   1028.74 7.7820E+05  0.2888  0.0976 2.1024E-06
 46   0.0874860   1043.18 8.5673E+05  0.2883  0.1011 2.3797E-06
 47   0.1004060   1058.17 9.4623E+05  0.2879  0.1036 2.6925E-06
 48   0.1152340   1073.65 1.0457E+06  0.2874  0.1055 3.0452E-06
 49   0.1322517   1089.93 1.1539E+06  0.2868  0.1093 3.4425E-06
 50   0.1517827   1107.20 1.2739E+06  0.2863  0.1141 3.8892E-06
 51   0.1741980   1125.53 1.4044E+06  0.2857  0.1192 4.3911E-06
 52   0.1999235   1145.03 1.5418E+06  0.2851  0.1247 4.9539E-06
 53   0.2294483   1165.84 1.6859E+06  0.2843  0.1307 5.5841E-06
 54   0.2633332   1187.98 1.8371E+06  0.2836  0.1366 6.2893E-06
 55   0.3022223   1211.46 1.9952E+06  0.2827  0.1421 7.0782E-06
 56   0.3468546   1236.69 2.1496E+06  0.2819  0.1496 7.9574E-06
 57   0.3980781   1264.06 2.2960E+06  0.2810  0.1589 8.9347E-06
 58   0.4568663   1293.57 2.4339E+06  0.2800  0.1675 1.0020E-05
 59   0.5243364   1325.16 2.5623E+06  0.2788  0.1752 1.1226E-05
 60   0.6017704   1358.84 2.6817E+06  0.2776  0.1822 1.2565E-05
 61   0.6906400   1394.60 2.7909E+06  0.2764  0.1886 1.4050E-05
 62   0.7926338   1432.54 2.8926E+06  0.2751  0.1948 1.5698E-05
 63   0.9096900   1472.88 2.9841E+06  0.2735  0.2016 1.7523E-05
 64   1.0440332   1516.30 3.0631E+06  0.2719  0.2109 1.9536E-05
 65   1.1982161   1565.83 4.0841E+06  0.2702  0.2334 2.1712E-05
 66   1.3751688   1625.02 9.0830E+06  0.2682  0.2693 2.4015E-05
 67   1.5782539   1685.86 1.7568E+07  0.2655  0.2668 2.6574E-05
 68   1.8113307   1748.35 3.0019E+07  0.2629  0.2642 2.9415E-05
 69   2.0788282   1812.53 4.7914E+07  0.2604  0.2617 3.2573E-05
 70   2.3858298   1878.23 7.1892E+07  0.2564  0.2585 3.6087E-05
 71   2.7381695   1945.31 1.0071E+08  0.2528  0.2548 3.9997E-05
 72   3.1425427   2013.83 1.2931E+08  0.2494  0.2513 4.4341E-05
 73   3.6066338   2083.62 1.5609E+08  0.2440  0.2473 4.9174E-05
 74   4.1392620   2154.14 1.8220E+08  0.2386  0.2417 5.4567E-05
 75   4.7505487   2225.48 2.0773E+08  0.2336  0.2365 6.0593E-05
 76   5.4521103   2297.73 2.3263E+08  0.2280  0.2320 6.7313E-05
 77   6.2572787   2370.07 2.5583E+08  0.2207  0.2250 7.4845E-05
 78   7.1813544   2442.39 2.7624E+08  0.2142  0.2182 8.3282E-05
 79   8.2418978   2514.81 2.9351E+08  0.2084  0.2121 9.2743E-05
 80   9.4590623   2587.46 3.0833E+08  0.2021  0.2067 1.0334E-04
 81  10.8559778   2659.65 3.2054E+08  0.1954  0.1998 1.1523E-04
 82  12.4591900   2731.43 3.3041E+08  0.1892  0.1933 1.2855E-04
 83  14.2991648   2802.93 3.3843E+08  0.1836  0.1876 1.4348E-04
 84  16.4108672   2874.28 3.4504E+08  0.1788  0.1825 1.6025E-04
 85  18.8344262   2945.51 3.5051E+08  0.1741  0.1777 1.7905E-04
 86  21.6158967   3016.60 3.5501E+08  0.1696  0.1731 2.0018E-04
 87  24.8081350   3087.61 3.5873E+08  0.1655  0.1689 2.2398E-04
 88  28.4718036   3158.55 3.6178E+08  0.1616  0.1649 2.5075E-04
 89  32.6765232   3229.46 3.6419E+08  0.1586  0.1612 2.8061E-04
 90  37.5021963   3300.93 3.6619E+08  0.1564  0.1589 3.1394E-04
 91  43.0405255   3372.93 3.7458E+08  0.1542  0.1566 3.5128E-04
