1800.   100.00   0.28 0.0 0.100E+06  0.00  1.00  1.00  Teff, grav(MKS), Y, f_sed, kz_min, [Fe/H], C/O, f_hole
  1   0.0001778    762.75 1.6888E+05  0.0000  0.0000 6.6153E-09
  2   0.0001985    765.67 1.7539E+05  0.2954  0.0348 7.3552E-09
  3   0.0002215    769.24 1.8428E+05  0.2953  0.0423 8.1711E-09
  4   0.0002472    773.15 1.9468E+05  0.2953  0.0463 9.0735E-09
  5   0.0002759    777.36 1.8869E+05  0.2952  0.0494 1.0072E-08
  6   0.0003080    781.83 1.8325E+05  0.2951  0.0522 1.1177E-08
  7   0.0003437    786.56 1.7966E+05  0.2950  0.0550 1.2399E-08
  8   0.0003836    791.52 1.7701E+05  0.2950  0.0572 1.3751E-08
  9   0.0004281    796.66 1.7494E+05  0.2949  0.0589 1.5247E-08
 10   0.0004778    801.94 1.7323E+05  0.2948  0.0601 1.6905E-08
 11   0.0005333    807.32 1.7177E+05  0.2946  0.0610 1.8742E-08
 12   0.0005952    812.79 1.7048E+05  0.2945  0.0615 2.0777E-08
 13   0.0006643    818.33 1.6932E+05  0.2944  0.0618 2.3033E-08
 14   0.0007414    823.92 1.6827E+05  0.2942  0.0620 2.5533E-08
 15   0.0008275    829.56 1.6730E+05  0.2941  0.0621 2.8304E-08
 16   0.0009236    835.26 1.6640E+05  0.2940  0.0623 3.1375E-08
 17   0.0010308    841.04 1.6557E+05  0.2938  0.0629 3.4777E-08
 18   0.0011505    847.02 1.6478E+05  0.2937  0.0644 3.8540E-08
 19   0.0012840    853.17 1.6405E+05  0.2936  0.0660 4.2704E-08
 20   0.0014331    859.49 1.6337E+05  0.2934  0.0672 4.7312E-08
 21   0.0015994    865.93 1.6274E+05  0.2933  0.0680 5.2411E-08
 22   0.0017851    872.48 1.6215E+05  0.2932  0.0685 5.8056E-08
 23   0.0019923    879.08 1.6162E+05  0.2930  0.0687 6.4308E-08
 24   0.0022236    885.73 1.6113E+05  0.2929  0.0686 7.1233E-08
 25   0.0024818    892.38 1.6068E+05  0.2927  0.0682 7.8907E-08
 26   0.0027699    899.04 1.6027E+05  0.2925  0.0676 8.7413E-08
 27   0.0030914    905.69 1.5989E+05  0.2923  0.0671 9.6844E-08
 28   0.0034503    912.43 1.5953E+05  0.2921  0.0675 1.0729E-07
 29   0.0038508    919.27 1.5919E+05  0.2919  0.0680 1.1885E-07
 30   0.0042979    926.21 1.5887E+05  0.2917  0.0685 1.3166E-07
 31   0.0047968    933.24 1.5857E+05  0.2915  0.0688 1.4584E-07
 32   0.0053536    940.34 1.5829E+05  0.2913  0.0690 1.6154E-07
 33   0.0059751    947.51 1.5803E+05  0.2911  0.0692 1.7893E-07
 34   0.0066688    954.74 1.5779E+05  0.2909  0.0692 1.9819E-07
 35   0.0074429    962.03 1.5757E+05  0.2907  0.0693 2.1952E-07
 36   0.0083070    969.39 1.5735E+05  0.2905  0.0694 2.4315E-07
 37   0.0092713    976.84 1.5716E+05  0.2903  0.0696 2.6930E-07
 38   0.0103476    984.45 1.5697E+05  0.2901  0.0707 2.9823E-07
 39   0.0115488    992.43 1.5679E+05  0.2899  0.0735 3.3017E-07
 40   0.0128895   1000.79 1.5661E+05  0.2897  0.0764 3.6541E-07
 41   0.0143858   1009.56 1.5645E+05  0.2894  0.0794 4.0429E-07
 42   0.0160558   1018.75 1.5629E+05  0.2891  0.0825 4.4715E-07
 43   0.0179197   1028.37 1.5613E+05  0.2888  0.0855 4.9440E-07
 44   0.0200000   1038.41 1.5599E+05  0.2884  0.0885 5.4646E-07
 45   0.0223218   1048.89 1.5585E+05  0.2881  0.0914 6.0381E-07
 46   0.0249130   1059.82 1.5572E+05  0.2877  0.0943 6.6696E-07
 47   0.0278051   1071.19 1.5560E+05  0.2874  0.0972 7.3648E-07
 48   0.0310330   1083.14 1.5549E+05  0.2870  0.1010 8.1290E-07
 49   0.0346355   1095.91 1.5539E+05  0.2866  0.1067 8.9668E-07
 50   0.0386563   1109.47 1.5530E+05  0.2862  0.1120 9.8854E-07
 51   0.0431438   1123.78 1.5521E+05  0.2857  0.1167 1.0892E-06
 52   0.0481523   1138.80 1.5513E+05  0.2852  0.1209 1.1997E-06
 53   0.0537422   1154.54 1.5506E+05  0.2846  0.1250 1.3207E-06
 54   0.0599810   1171.02 1.5500E+05  0.2841  0.1290 1.4533E-06
 55   0.0669441   1188.30 1.5494E+05  0.2834  0.1334 1.5984E-06
 56   0.0747154   1206.51 1.5489E+05  0.2828  0.1385 1.7570E-06
 57   0.0833890   1225.79 1.5485E+05  0.2822  0.1444 1.9301E-06
 58   0.0930694   1246.29 1.5481E+05  0.2815  0.1510 2.1188E-06
 59   0.1038737   1268.27 1.5478E+05  0.2807  0.1592 2.3237E-06
 60   0.1159321   1292.11 1.5474E+05  0.2798  0.1695 2.5456E-06
 61   0.1293904   1317.88 1.5472E+05  0.2789  0.1798 2.7856E-06
 62   0.1444111   1345.67 1.5470E+05  0.2779  0.1900 3.0447E-06
 63   0.1611755   1375.82 1.5468E+05  0.2768  0.2018 3.3237E-06
 64   0.1798860   1408.45 1.5467E+05  0.2757  0.2134 3.6236E-06
 65   0.2007686   1447.58 8.3009E+05  0.2743  0.2495 3.9350E-06
 66   0.2240753   1491.71 2.9084E+06  0.2725  0.2734 4.2620E-06
 67   0.2500878   1536.87 6.4964E+06  0.2706  0.2716 4.6175E-06
 68   0.2791199   1583.08 1.1607E+07  0.2688  0.2697 5.0038E-06
 69   0.3115223   1630.36 1.8359E+07  0.2665  0.2680 5.4240E-06
 70   0.3476863   1678.55 2.6489E+07  0.2638  0.2652 5.8818E-06
 71   0.3880484   1727.67 3.5657E+07  0.2612  0.2626 6.3799E-06
 72   0.4330961   1777.73 4.6509E+07  0.2588  0.2601 6.9216E-06
 73   0.4833733   1828.77 5.9947E+07  0.2552  0.2577 7.5105E-06
 74   0.5394870   1880.32 7.5760E+07  0.2506  0.2531 8.1523E-06
 75   0.6021149   1932.41 9.3316E+07  0.2465  0.2488 8.8521E-06
 76   0.6720131   1985.09 1.1305E+08  0.2427  0.2449 9.6149E-06
 77   0.7500257   2038.40 1.3560E+08  0.2379  0.2413 1.0447E-05
 78   0.8370945   2091.67 1.6077E+08  0.2310  0.2349 1.1359E-05
 79   0.9342710   2144.82 1.8840E+08  0.2248  0.2284 1.2358E-05
 80   1.0427285   2197.92 2.1861E+08  0.2193  0.2227 1.3452E-05
 81   1.1637766   2251.03 2.5108E+08  0.2141  0.2174 1.4648E-05
 82   1.2988768   2304.03 2.8536E+08  0.2073  0.2119 1.5957E-05
 83   1.4496606   2356.39 3.2007E+08  0.2003  0.2046 1.7397E-05
 84   1.6179486   2408.19 3.5415E+08  0.1939  0.1980 1.8976E-05
 85   1.8057727   2459.48 3.8664E+08  0.1880  0.1919 2.0709E-05
 86   2.0154009   2510.31 4.1681E+08  0.1826  0.1863 2.2615E-05
 87   2.2493644   2560.79 4.4425E+08  0.1775  0.1813 2.4705E-05
 88   2.5104883   2610.82 4.6845E+08  0.1726  0.1762 2.7002E-05
 89   2.8019254   2660.40 4.8905E+08  0.1678  0.1713 2.9534E-05
 90   3.1271948   2709.53 5.0523E+08  0.1632  0.1666 3.2309E-05
 91   3.4902240   2758.24 5.9523E+08  0.1589  0.1622 3.5335E-05
