1800.    31.60   0.28 0.0 0.100E+06  0.00  1.00  1.00  Teff, grav(MKS), Y, f_sed, kz_min, [Fe/H], C/O, f_hole
  1   0.0001778    795.22 3.4063E+05  0.0000  0.0000 6.3446E-09
  2   0.0001993    797.93 3.5266E+05  0.2948  0.0299 7.0849E-09
  3   0.0002233    801.57 3.6932E+05  0.2947  0.0400 7.9025E-09
  4   0.0002502    805.76 3.9116E+05  0.2947  0.0458 8.8087E-09
  5   0.0002803    810.35 3.7800E+05  0.2946  0.0499 9.8143E-09
  6   0.0003141    815.33 3.6832E+05  0.2944  0.0538 1.0930E-08
  7   0.0003519    820.66 3.6197E+05  0.2943  0.0573 1.2167E-08
  8   0.0003943    826.24 3.5704E+05  0.2942  0.0596 1.3541E-08
  9   0.0004419    832.04 3.5293E+05  0.2941  0.0614 1.5068E-08
 10   0.0004951    838.01 3.4941E+05  0.2939  0.0629 1.6763E-08
 11   0.0005548    844.14 3.4632E+05  0.2938  0.0641 1.8647E-08
 12   0.0006216    850.42 3.4360E+05  0.2936  0.0651 2.0739E-08
 13   0.0006965    856.83 3.4119E+05  0.2935  0.0660 2.3065E-08
 14   0.0007804    863.36 3.3904E+05  0.2934  0.0667 2.5648E-08
 15   0.0008745    869.99 3.3711E+05  0.2932  0.0673 2.8520E-08
 16   0.0009798    876.77 3.3538E+05  0.2931  0.0682 3.1709E-08
 17   0.0010979    883.76 3.3382E+05  0.2929  0.0698 3.5248E-08
 18   0.0012302    890.93 3.3240E+05  0.2928  0.0711 3.9177E-08
 19   0.0013784    898.21 3.3112E+05  0.2926  0.0715 4.3541E-08
 20   0.0015445    905.58 3.2995E+05  0.2924  0.0719 4.8390E-08
 21   0.0017306    913.01 3.2889E+05  0.2921  0.0718 5.3780E-08
 22   0.0019392    920.45 3.2791E+05  0.2919  0.0714 5.9773E-08
 23   0.0021728    927.92 3.2701E+05  0.2917  0.0710 6.6437E-08
 24   0.0024347    935.42 3.2618E+05  0.2915  0.0708 7.3846E-08
 25   0.0027280    942.98 3.2540E+05  0.2913  0.0707 8.2081E-08
 26   0.0030567    950.67 3.2468E+05  0.2910  0.0714 9.1228E-08
 27   0.0034251    958.63 3.2399E+05  0.2908  0.0733 1.0137E-07
 28   0.0038378    966.87 3.2334E+05  0.2906  0.0752 1.1262E-07
 29   0.0043002    975.38 3.2272E+05  0.2904  0.0770 1.2509E-07
 30   0.0048183    984.19 3.2213E+05  0.2901  0.0790 1.3891E-07
 31   0.0053989    993.31 3.2158E+05  0.2899  0.0811 1.5421E-07
 32   0.0060495   1002.80 3.2105E+05  0.2896  0.0837 1.7115E-07
 33   0.0067784   1012.73 3.2055E+05  0.2893  0.0866 1.8990E-07
 34   0.0075952   1023.11 3.2008E+05  0.2890  0.0896 2.1062E-07
 35   0.0085104   1033.98 3.1963E+05  0.2886  0.0929 2.3352E-07
 36   0.0095359   1045.40 3.1922E+05  0.2882  0.0965 2.5880E-07
 37   0.0106849   1057.51 3.1883E+05  0.2878  0.1013 2.8667E-07
 38   0.0119724   1070.48 3.1846E+05  0.2874  0.1071 3.1732E-07
 39   0.0134150   1084.21 3.1812E+05  0.2870  0.1120 3.5105E-07
 40   0.0150315   1098.68 3.1781E+05  0.2865  0.1166 3.8817E-07
 41   0.0168427   1113.88 3.1753E+05  0.2861  0.1207 4.2901E-07
 42   0.0188722   1129.75 3.1729E+05  0.2856  0.1244 4.7395E-07
 43   0.0211462   1146.29 3.1706E+05  0.2850  0.1278 5.2339E-07
 44   0.0236942   1163.56 3.1687E+05  0.2843  0.1314 5.7776E-07
 45   0.0265493   1181.60 3.1670E+05  0.2837  0.1353 6.3749E-07
 46   0.0297484   1200.55 3.1654E+05  0.2830  0.1398 7.0303E-07
 47   0.0333329   1220.59 3.1641E+05  0.2823  0.1455 7.7480E-07
 48   0.0373494   1241.95 3.1629E+05  0.2816  0.1525 8.5323E-07
 49   0.0418498   1264.80 3.1618E+05  0.2808  0.1602 9.3878E-07
 50   0.0468926   1289.37 3.1609E+05  0.2799  0.1691 1.0318E-06
 51   0.0525429   1315.93 3.1600E+05  0.2789  0.1792 1.1328E-06
 52   0.0588742   1344.75 3.1594E+05  0.2778  0.1904 1.2421E-06
 53   0.0659682   1376.14 3.1589E+05  0.2767  0.2028 1.3601E-06
 54   0.0739172   1414.23 8.8629E+05  0.2754  0.2400 1.4829E-06
 55   0.0828239   1459.13 2.9313E+06  0.2736  0.2747 1.6105E-06
 56   0.0928038   1505.08 6.7158E+06  0.2714  0.2725 1.7497E-06
 57   0.1039863   1552.11 1.2199E+07  0.2694  0.2704 1.9017E-06
 58   0.1165162   1600.24 1.8834E+07  0.2674  0.2684 2.0674E-06
 59   0.1305560   1649.39 2.6428E+07  0.2640  0.2659 2.2481E-06
 60   0.1462874   1699.38 3.5293E+07  0.2606  0.2624 2.4458E-06
 61   0.1639145   1750.25 4.5879E+07  0.2575  0.2592 2.6612E-06
 62   0.1836655   1802.01 5.8711E+07  0.2545  0.2562 2.8962E-06
 63   0.2057964   1854.36 7.3929E+07  0.2482  0.2517 3.1531E-06
 64   0.2305941   1906.92 9.0940E+07  0.2424  0.2457 3.4346E-06
 65   0.2583797   1959.77 1.0981E+08  0.2373  0.2403 3.7435E-06
 66   0.2895134   2012.97 1.3176E+08  0.2325  0.2354 4.0821E-06
 67   0.3243986   2066.19 1.5751E+08  0.2243  0.2294 4.4539E-06
 68   0.3634873   2118.77 1.8630E+08  0.2162  0.2209 4.8631E-06
 69   0.4072861   2170.82 2.1746E+08  0.2089  0.2133 5.3137E-06
 70   0.4563624   2222.42 2.5030E+08  0.2023  0.2065 5.8100E-06
 71   0.5113522   2273.65 2.8443E+08  0.1960  0.2003 6.3553E-06
 72   0.5729681   2324.18 3.1895E+08  0.1883  0.1932 6.9568E-06
 73   0.6420084   2373.87 3.5288E+08  0.1813  0.1859 7.6209E-06
 74   0.7193678   2422.73 3.8538E+08  0.1747  0.1791 8.3532E-06
 75   0.8060487   2470.84 4.1577E+08  0.1686  0.1728 9.1626E-06
 76   0.9031743   2518.27 4.4350E+08  0.1631  0.1671 1.0058E-05
 77   1.0120031   2565.13 4.6847E+08  0.1586  0.1621 1.1045E-05
 78   1.1339454   2611.62 4.9049E+08  0.1545  0.1579 1.2125E-05
 79   1.2705812   2657.71 5.0909E+08  0.1505  0.1538 1.3316E-05
 80   1.4236811   2703.39 5.2432E+08  0.1466  0.1498 1.4628E-05
 81   1.5952288   2748.64 5.3664E+08  0.1428  0.1459 1.6072E-05
 82   1.7874474   2793.45 5.4660E+08  0.1391  0.1422 1.7666E-05
 83   2.0028276   2837.85 5.5452E+08  0.1356  0.1386 1.9432E-05
 84   2.2441602   2882.12 5.6085E+08  0.1341  0.1361 2.1383E-05
 85   2.5145724   2926.60 5.6621E+08  0.1326  0.1346 2.3535E-05
 86   2.8175682   2971.22 5.7075E+08  0.1310  0.1330 2.5912E-05
 87   3.1570737   3015.95 5.7472E+08  0.1293  0.1313 2.8518E-05
 88   3.5374883   3060.74 5.7807E+08  0.1276  0.1296 3.1358E-05
 89   3.9637412   3105.54 5.8087E+08  0.1257  0.1277 3.4482E-05
 90   4.4413560   3150.31 5.8322E+08  0.1238  0.1258 3.7922E-05
 91   4.9765213   3195.06 5.9539E+08  0.1224  0.1240 4.1714E-05
