 200.   316.00   0.28 0.0 0.100E+06  0.00  1.00  1.00  Teff, grav(MKS), Y, f_sed, kz_min, [Fe/H], C/O, f_hole
  1   0.0001778     76.17 1.3023E-01  0.0000  0.0000 6.5838E-08
  2   0.0002113     76.52 1.6107E-01  0.2761  0.0261 7.7890E-08
  3   0.0002512     77.10 1.9542E-01  0.2769  0.0437 9.1901E-08
  4   0.0002985     77.76 1.9138E-01  0.2780  0.0498 1.0827E-07
  5   0.0003547     78.60 1.8382E-01  0.2793  0.0624 1.2728E-07
  6   0.0004216     79.61 1.7728E-01  0.2809  0.0737 1.4937E-07
  7   0.0005010     80.78 1.7061E-01  0.2827  0.0842 1.7494E-07
  8   0.0005954     82.12 1.6338E-01  0.2847  0.0957 2.0449E-07
  9   0.0007076     83.66 1.5540E-01  0.2869  0.1078 2.3855E-07
 10   0.0008410     85.42 1.4647E-01  0.2894  0.1204 2.7769E-07
 11   0.0009994     87.41 1.3636E-01  0.2922  0.1331 3.2250E-07
 12   0.0011878     89.64 1.2479E-01  0.2953  0.1459 3.7375E-07
 13   0.0014116     92.11 1.1148E-01  0.2983  0.1580 4.3222E-07
 14   0.0016776     94.84 9.6074E-02  0.3014  0.1691 4.9889E-07
 15   0.0019937     97.76 7.8280E-02  0.3046  0.1754 5.7521E-07
 16   0.0023694    101.24 7.8912E-02  0.3081  0.2025 6.6012E-07
 17   0.0028159    102.85 1.5708E-01  0.3103  0.0916 7.7221E-07
 18   0.0033465    104.59 3.6054E-01  0.3116  0.0972 9.0245E-07
 19   0.0039771    104.82 5.4811E-01  0.3123  0.0125 1.0702E-06
 20   0.0047265    103.78 8.5809E-01  0.3120 -0.0576 1.2845E-06
 21   0.0056172    108.92 1.8050E+00  0.3135  0.2799 1.4546E-06
 22   0.0066756    106.78 2.9533E+00  0.3147 -0.1147 1.7632E-06
 23   0.0079336    111.06 6.9191E+00  0.3154  0.2274 2.0148E-06
 24   0.0094285    114.49 1.3362E+01  0.3180  0.1763 2.3228E-06
 25   0.0112052    114.37 1.6153E+01  0.3187 -0.0060 2.7633E-06
 26   0.0133167    106.15 1.3290E+01  0.3164 -0.4325 3.5384E-06
 27   0.0158260    106.18 9.1045E+00  0.3134  0.0018 4.2039E-06
 28   0.0188082    109.96 4.8833E+00  0.3148  0.2028 4.8242E-06
 29   0.0223523    113.24 2.6890E+00  0.3174  0.1702 5.5673E-06
 30   0.0265643    115.94 4.0226E+00  0.3188  0.1365 6.4625E-06
 31   0.0315700    118.10 8.1838E+00  0.3198  0.1070 7.5397E-06
 32   0.0375189    119.93 1.3194E+01  0.3206  0.0890 8.8240E-06
 33   0.0445889    121.49 1.7326E+01  0.3212  0.0748 1.0352E-05
 34   0.0529910    122.93 1.9713E+01  0.3218  0.0681 1.2159E-05
 35   0.0629764    124.37 2.0291E+01  0.3223  0.0676 1.4283E-05
 36   0.0748435    125.91 1.9321E+01  0.3229  0.0713 1.6768E-05
 37   0.0889467    127.58 1.7228E+01  0.3233  0.0760 1.9668E-05
 38   0.1057074    129.61 1.4668E+01  0.3235  0.0915 2.3010E-05
 39   0.1256265    131.95 1.2242E+01  0.3238  0.1040 2.6861E-05
 40   0.1492991    134.58 1.0330E+01  0.3241  0.1143 3.1302E-05
 41   0.1774324    137.38 9.0021E+00  0.3244  0.1192 3.6449E-05
 42   0.2108671    141.02 7.9226E+00  0.3247  0.1515 4.2208E-05
 43   0.2506020    144.99 7.1764E+00  0.3248  0.1606 4.8793E-05
 44   0.2978245    148.46 6.7825E+00  0.3245  0.1372 5.6629E-05
 45   0.3539454    151.50 6.6042E+00  0.3243  0.1172 6.5951E-05
 46   0.4006415    153.71 6.4963E+00  0.3241  0.1171 7.3578E-05
 47   0.4500785    155.98 6.4148E+00  0.3239  0.1262 8.1453E-05
 48   0.4999055    158.23 6.3666E+00  0.3237  0.1359 8.9188E-05
 49   0.5941057    162.33 6.3771E+00  0.3233  0.1485 1.0331E-04
 50   0.7060567    167.14 6.4800E+00  0.3225  0.1690 1.1925E-04
 51   0.8391032    172.88 6.7394E+00  0.3215  0.1955 1.3702E-04
 52   0.9972205    179.57 7.3403E+00  0.3204  0.2201 1.5677E-04
 53   1.1851328    188.85 1.3570E+03  0.3187  0.2918 1.7717E-04
 54   1.4084546    199.50 5.2423E+03  0.3166  0.3177 1.9940E-04
 55   1.6738583    210.67 1.1868E+04  0.3143  0.3155 2.2445E-04
 56   1.9892735    222.37 2.0670E+04  0.3121  0.3132 2.5273E-04
 57   2.3641244    234.64 3.0144E+04  0.3099  0.3110 2.8474E-04
 58   2.8096107    247.49 3.7724E+04  0.3080  0.3090 3.2113E-04
 59   3.2390427    258.54 4.3007E+04  0.3063  0.3070 3.5519E-04
 60   4.0682388    277.20 4.4770E+04  0.3047  0.3057 4.1681E-04
 61   4.5936057    287.61 4.5128E+04  0.3032  0.3037 4.5364E-04
 62   4.9159981    293.58 4.5100E+04  0.3027  0.3029 4.7558E-04
 63   5.5046623    303.80 4.4254E+04  0.3022  0.3025 5.1460E-04
 64   6.6607828    321.79 4.2367E+04  0.3013  0.3018 5.8786E-04
 65   7.9159146    338.95 3.9696E+04  0.3006  0.3009 6.6328E-04
 66   9.4075584    356.98 3.6456E+04  0.2999  0.3003 7.4844E-04
 67  11.1802817    375.94 3.3074E+04  0.2995  0.2997 8.4463E-04
 68  13.2870500    395.88 3.0433E+04  0.2991  0.2993 9.5324E-04
 69  15.7908095    416.84 2.9242E+04  0.2989  0.2990 1.0759E-03
 70  18.7663676    438.91 3.0131E+04  0.2987  0.2988 1.2143E-03
 71  22.3026281    462.13 3.3772E+04  0.2985  0.2986 1.3707E-03
 72  26.5052477    486.56 3.7507E+04  0.2983  0.2984 1.5471E-03
 73  31.4997924    512.26 4.0982E+04  0.2982  0.2983 1.7464E-03
 74  37.4354894    539.32 4.4412E+04  0.2980  0.2981 1.9714E-03
 75  44.4896859    567.78 4.7906E+04  0.2979  0.2979 2.2254E-03
 76  52.8731474    597.73 5.1453E+04  0.2976  0.2978 2.5122E-03
 77  62.8363554    629.24 5.4619E+04  0.2974  0.2975 2.8361E-03
 78  72.6769912    657.05 5.7219E+04  0.2971  0.2973 3.1415E-03
 79  82.7488299    682.86 5.9371E+04  0.2968  0.2969 3.4416E-03
 80  92.4723105    705.74 6.0999E+04  0.2965  0.2966 3.7213E-03
 81 100.4862575    723.34 6.2437E+04  0.2962  0.2964 3.9454E-03
 82 110.7843120    744.54 6.4050E+04  0.2959  0.2961 4.2259E-03
 83 125.3470981    772.23 6.5800E+04  0.2955  0.2957 4.6100E-03
 84 148.9670125    812.61 6.7150E+04  0.2949  0.2952 5.2064E-03
 85 177.0377708    854.99 7.1478E+04  0.2939  0.2944 5.8808E-03
 86 200.3980724    886.66 7.2225E+04  0.2931  0.2935 6.4190E-03
 87 220.0446581    911.27 7.2265E+04  0.2924  0.2928 6.8579E-03
 88 240.1620905    934.85 7.2110E+04  0.2917  0.2921 7.2961E-03
 89 270.1581467    967.47 7.1666E+04  0.2909  0.2914 7.9307E-03
 90 300.7058796    998.05 7.0887E+04  0.2900  0.2905 8.5571E-03
 91 350.0025047   1042.91 9.0692E+04  0.2889  0.2896 9.5316E-03
