2000.    31.60   0.28 0.0 0.100E+06  0.00  1.00  1.00  Teff, grav(MKS), Y, f_sed, kz_min, [Fe/H], C/O, f_hole
  1   0.0001778    912.01 6.4015E+05  0.0000  0.0000 5.5320E-09
  2   0.0001993    915.31 6.6034E+05  0.2920  0.0318 6.1763E-09
  3   0.0002233    919.63 6.8784E+05  0.2919  0.0414 6.8880E-09
  4   0.0002502    924.60 7.2240E+05  0.2918  0.0473 7.6765E-09
  5   0.0002803    930.07 7.0274E+05  0.2916  0.0519 8.5508E-09
  6   0.0003141    936.00 6.8704E+05  0.2914  0.0558 9.5206E-09
  7   0.0003519    942.30 6.7650E+05  0.2913  0.0590 1.0596E-08
  8   0.0003943    948.92 6.6826E+05  0.2911  0.0615 1.1790E-08
  9   0.0004419    955.82 6.6139E+05  0.2909  0.0637 1.3116E-08
 10   0.0004951    962.98 6.5550E+05  0.2907  0.0656 1.4587E-08
 11   0.0005548    970.38 6.5036E+05  0.2905  0.0672 1.6220E-08
 12   0.0006216    977.99 6.4584E+05  0.2903  0.0687 1.8033E-08
 13   0.0006965    985.80 6.4182E+05  0.2901  0.0699 2.0046E-08
 14   0.0007804    993.79 6.3823E+05  0.2899  0.0710 2.2280E-08
 15   0.0008745   1001.97 6.3500E+05  0.2896  0.0720 2.4761E-08
 16   0.0009798   1010.31 6.3208E+05  0.2894  0.0728 2.7516E-08
 17   0.0010979   1018.80 6.2944E+05  0.2891  0.0736 3.0575E-08
 18   0.0012302   1027.46 6.2703E+05  0.2888  0.0744 3.3970E-08
 19   0.0013784   1036.28 6.2483E+05  0.2885  0.0751 3.7739E-08
 20   0.0015445   1045.26 6.2281E+05  0.2882  0.0758 4.1924E-08
 21   0.0017306   1054.41 6.2095E+05  0.2879  0.0766 4.6568E-08
 22   0.0019392   1063.75 6.1922E+05  0.2876  0.0775 5.1721E-08
 23   0.0021728   1073.29 6.1761E+05  0.2873  0.0785 5.7438E-08
 24   0.0024347   1083.07 6.1610E+05  0.2870  0.0797 6.3778E-08
 25   0.0027280   1093.13 6.1468E+05  0.2866  0.0812 7.0805E-08
 26   0.0030567   1103.48 6.1333E+05  0.2863  0.0828 7.8593E-08
 27   0.0034251   1114.16 6.1205E+05  0.2860  0.0847 8.7219E-08
 28   0.0038378   1125.25 6.1083E+05  0.2856  0.0871 9.6765E-08
 29   0.0043002   1136.84 6.0967E+05  0.2852  0.0901 1.0732E-07
 30   0.0048183   1148.98 6.0856E+05  0.2848  0.0933 1.1898E-07
 31   0.0053989   1161.72 6.0750E+05  0.2843  0.0969 1.3186E-07
 32   0.0060495   1175.10 6.0651E+05  0.2838  0.1007 1.4606E-07
 33   0.0067784   1189.17 6.0557E+05  0.2833  0.1046 1.6172E-07
 34   0.0075952   1203.92 6.0470E+05  0.2828  0.1084 1.7899E-07
 35   0.0085104   1219.35 6.0390E+05  0.2822  0.1119 1.9802E-07
 36   0.0095359   1235.46 6.0316E+05  0.2817  0.1153 2.1899E-07
 37   0.0106849   1252.19 6.0250E+05  0.2811  0.1183 2.4210E-07
 38   0.0119724   1269.67 6.0189E+05  0.2805  0.1218 2.6753E-07
 39   0.0134150   1287.93 6.0135E+05  0.2797  0.1255 2.9552E-07
 40   0.0150315   1306.98 6.0087E+05  0.2789  0.1290 3.2630E-07
 41   0.0168427   1326.74 6.0044E+05  0.2781  0.1319 3.6017E-07
 42   0.0188722   1347.34 6.0007E+05  0.2773  0.1354 3.9740E-07
 43   0.0211462   1368.93 5.9974E+05  0.2765  0.1397 4.3827E-07
 44   0.0236942   1391.75 5.9945E+05  0.2756  0.1453 4.8303E-07
 45   0.0265493   1416.13 5.9919E+05  0.2748  0.1527 5.3193E-07
 46   0.0297484   1442.64 5.9896E+05  0.2735  0.1630 5.8510E-07
 47   0.0333329   1472.06 5.9874E+05  0.2719  0.1775 6.4254E-07
 48   0.0373494   1505.69 6.9707E+05  0.2703  0.1985 7.0398E-07
 49   0.0418498   1552.57 2.1553E+06  0.2683  0.2695 7.6528E-07
 50   0.0468926   1600.50 4.7177E+06  0.2660  0.2672 8.3218E-07
 51   0.0525429   1649.35 8.2472E+06  0.2618  0.2642 9.0511E-07
 52   0.0588742   1698.83 1.2992E+07  0.2575  0.2598 9.8486E-07
 53   0.0659682   1748.99 1.9324E+07  0.2536  0.2558 1.0718E-06
 54   0.0739172   1799.86 2.7444E+07  0.2499  0.2520 1.1667E-06
 55   0.0828239   1851.04 3.7532E+07  0.2420  0.2464 1.2708E-06
 56   0.0928038   1902.00 4.9981E+07  0.2345  0.2387 1.3852E-06
 57   0.1039863   1952.82 6.5457E+07  0.2279  0.2318 1.5111E-06
 58   0.1165162   2003.58 8.4724E+07  0.2218  0.2255 1.6492E-06
 59   0.1305560   2054.16 1.0844E+08  0.2133  0.2191 1.8011E-06
 60   0.1462874   2103.69 1.3644E+08  0.2039  0.2094 1.9686E-06
 61   0.1639145   2152.28 1.6855E+08  0.1955  0.2007 2.1534E-06
 62   0.1836655   2199.99 2.0456E+08  0.1879  0.1927 2.3578E-06
 63   0.2057964   2246.93 2.4425E+08  0.1810  0.1856 2.5830E-06
 64   0.2305941   2293.17 2.8740E+08  0.1743  0.1791 2.8311E-06
 65   0.2583797   2338.57 3.3347E+08  0.1678  0.1723 3.1060E-06
 66   0.2895134   2383.12 3.8197E+08  0.1615  0.1658 3.4098E-06
 67   0.3243986   2426.83 4.3250E+08  0.1556  0.1598 3.7436E-06
 68   0.3634873   2469.74 4.8396E+08  0.1501  0.1541 4.1113E-06
 69   0.4072861   2511.89 5.3490E+08  0.1449  0.1488 4.5176E-06
 70   0.4563624   2553.33 5.8366E+08  0.1411  0.1438 4.9655E-06
 71   0.5113522   2594.63 6.2988E+08  0.1383  0.1410 5.4584E-06
 72   0.5729681   2635.73 6.7288E+08  0.1354  0.1381 6.0039E-06
 73   0.6420084   2676.58 7.1174E+08  0.1325  0.1352 6.6059E-06
 74   0.7193678   2717.15 7.4572E+08  0.1295  0.1322 7.2704E-06
 75   0.8060487   2757.40 7.7446E+08  0.1266  0.1293 8.0053E-06
 76   0.9031743   2797.32 7.9809E+08  0.1237  0.1263 8.8200E-06
 77   1.0120031   2836.87 8.1695E+08  0.1208  0.1234 9.7271E-06
 78   1.1339454   2876.40 8.3173E+08  0.1202  0.1216 1.0706E-05
 79   1.2705812   2916.28 8.4374E+08  0.1196  0.1210 1.1781E-05
 80   1.4236811   2956.45 8.5371E+08  0.1187  0.1202 1.2963E-05
 81   1.5952288   2996.84 8.6208E+08  0.1177  0.1193 1.4265E-05
 82   1.7874474   3037.42 8.6914E+08  0.1166  0.1182 1.5711E-05
 83   2.0028276   3078.15 8.7513E+08  0.1155  0.1171 1.7308E-05
 84   2.2441602   3118.97 8.8020E+08  0.1141  0.1158 1.9076E-05
 85   2.5145724   3159.82 8.8449E+08  0.1127  0.1144 2.1037E-05
 86   2.8175682   3200.67 8.8779E+08  0.1121  0.1129 2.3218E-05
 87   3.1570737   3242.20 8.9067E+08  0.1126  0.1133 2.5587E-05
 88   3.5374883   3284.39 8.9315E+08  0.1128  0.1136 2.8141E-05
 89   3.9637412   3327.17 8.9527E+08  0.1129  0.1138 3.0951E-05
 90   4.4413560   3370.53 8.9709E+08  0.1129  0.1138 3.4043E-05
 91   4.9765213   3414.42 9.0759E+08  0.1128  0.1137 3.7450E-05
