 200.   562.00   0.28 0.0 0.100E+06  0.00  1.00  1.00  Teff, grav(MKS), Y, f_sed, kz_min, [Fe/H], C/O, f_hole
  1   0.0001778     76.90 8.5658E-02  0.0000  0.0000 6.5212E-08
  2   0.0002338     77.17 1.0854E-01  0.2773  0.0125 8.5456E-08
  3   0.0002681     78.01 1.3526E-01  0.2783  0.0796 9.6931E-08
  4   0.0003524     78.68 1.3373E-01  0.2796  0.0309 1.2634E-07
  5   0.0004041     79.66 1.2874E-01  0.2810  0.0906 1.4308E-07
  6   0.0004633     80.41 1.2464E-01  0.2824  0.0692 1.6250E-07
  7   0.0005312     81.33 1.2083E-01  0.2837  0.0825 1.8423E-07
  8   0.0006091     82.35 1.1700E-01  0.2853  0.0910 2.0863E-07
  9   0.0006984     83.46 1.1298E-01  0.2869  0.0981 2.3603E-07
 10   0.0008008     84.82 1.0866E-01  0.2888  0.1185 2.6628E-07
 11   0.0009182     85.77 1.0397E-01  0.2906  0.0812 3.0195E-07
 12   0.0010528     89.28 9.2437E-02  0.2939  0.2931 3.3260E-07
 13   0.0015870     91.86 7.9928E-02  0.2979  0.0694 4.8729E-07
 14   0.0018196     95.56 7.2126E-02  0.3016  0.2892 5.3704E-07
 15   0.0020863     97.53 6.3389E-02  0.3048  0.1490 6.0333E-07
 16   0.0023922     99.91 5.4092E-02  0.3073  0.1761 6.7533E-07
 17   0.0027429    102.27 5.2243E-02  0.3095  0.1710 7.5644E-07
 18   0.0031450    101.75 4.1593E-02  0.3102 -0.0372 8.7175E-07
 19   0.0036060    101.38 2.2035E-02  0.3099 -0.0267 1.0032E-06
 20   0.0041346    103.56 1.1033E-01  0.3106  0.1551 1.1261E-06
 21   0.0047407    106.98 4.3236E-01  0.3127  0.2373 1.2499E-06
 22   0.0054357    106.38 6.4498E-01  0.3138 -0.0409 1.4412E-06
 23   0.0062326    102.38 5.9963E-01  0.3121 -0.2802 1.7171E-06
 24   0.0071462    106.41 7.5765E-01  0.3121  0.2822 1.8942E-06
 25   0.0081938    107.36 3.2702E+00  0.3139  0.0650 2.1527E-06
 26   0.0107723    114.74 1.0171E+01  0.3170  0.2432 2.6480E-06
 27   0.0123515    117.14 1.5599E+01  0.3193  0.1508 2.9744E-06
 28   0.0141621    110.48 1.4895E+01  0.3185 -0.4279 3.6156E-06
 29   0.0186187    108.76 1.2225E+01  0.3159 -0.0572 4.8284E-06
 30   0.0213481    108.69 9.4907E+00  0.3153 -0.0048 5.5398E-06
 31   0.0244777    110.81 6.6114E+00  0.3160  0.1414 6.2303E-06
 32   0.0280660    112.72 4.0447E+00  0.3175  0.1245 7.0230E-06
 33   0.0321803    114.51 2.1639E+00  0.3184  0.1157 7.9262E-06
 34   0.0368978    116.20 1.2043E+00  0.3191  0.1070 8.9562E-06
 35   0.0423069    117.68 1.2686E+00  0.3197  0.0923 1.0140E-05
 36   0.0485089    119.35 2.1971E+00  0.3204  0.1030 1.1464E-05
 37   0.0556201    120.33 4.7303E+00  0.3209  0.0599 1.3038E-05
 38   0.0731227    123.58 6.5799E+00  0.3217  0.0974 1.6690E-05
 39   0.0838421    124.51 7.7339E+00  0.3225  0.0548 1.8994E-05
 40   0.0961330    125.81 8.6137E+00  0.3229  0.0760 2.1554E-05
 41   0.1102257    127.35 9.1970E+00  0.3233  0.0889 2.4416E-05
 42   0.1263843    128.09 9.4734E+00  0.3234  0.0426 2.7832E-05
 43   0.1905127    134.16 9.3170E+00  0.3238  0.1128 4.0065E-05
 44   0.2184410    134.32 8.0252E+00  0.3242  0.0084 4.5884E-05
 45   0.3292797    143.50 7.2253E+00  0.3247  0.1611 6.4773E-05
 46   0.3775507    145.69 6.6910E+00  0.3247  0.1111 7.3147E-05
 47   0.4328980    148.24 6.3533E+00  0.3245  0.1268 8.2430E-05
 48   0.4963589    150.65 6.0719E+00  0.3243  0.1179 9.3005E-05
 49   0.5691229    153.24 5.8034E+00  0.3241  0.1242 1.0484E-04
 50   0.6525539    156.10 5.5681E+00  0.3239  0.1352 1.1801E-04
 51   0.7482154    159.27 5.4402E+00  0.3237  0.1469 1.3262E-04
 52   0.8579005    162.78 5.3803E+00  0.3231  0.1594 1.4878E-04
 53   0.9836649    166.76 5.3860E+00  0.3224  0.1767 1.6651E-04
 54   1.1278659    171.33 5.4962E+00  0.3217  0.1976 1.8583E-04
 55   1.2932061    176.44 5.9066E+00  0.3208  0.2149 2.0691E-04
 56   1.5827844    186.26 9.8096E+02  0.3193  0.2679 2.3990E-04
 57   1.9493892    199.02 4.1321E+03  0.3169  0.3182 2.7660E-04
 58   2.2351611    207.80 8.6065E+03  0.3147  0.3156 3.0383E-04
 59   2.5628259    216.92 1.4554E+04  0.3129  0.3138 3.3376E-04
 60   2.9385249    226.38 2.1438E+04  0.3111  0.3120 3.6673E-04
 61   3.3692997    236.19 2.8485E+04  0.3095  0.3103 4.0310E-04
 62   3.8632243    246.38 3.4773E+04  0.3080  0.3087 4.4333E-04
 63   4.4295559    256.96 3.9526E+04  0.3064  0.3072 4.8806E-04
 64   5.0789094    267.93 4.2249E+04  0.3053  0.3059 5.3757E-04
 65   5.8234552    279.34 4.3280E+04  0.3041  0.3047 5.9210E-04
 66   6.6771481    291.18 4.3213E+04  0.3030  0.3035 6.5130E-04
 67   7.6559887    303.49 4.2453E+04  0.3022  0.3026 7.1645E-04
 68   8.7783230    316.28 4.0999E+04  0.3015  0.3019 7.8826E-04
 69  10.0651866    329.58 3.8851E+04  0.3008  0.3011 8.6734E-04
 70  11.5406987    343.42 3.6130E+04  0.3003  0.3006 9.5443E-04
 71  13.2325144    357.81 3.3033E+04  0.2999  0.3001 1.0503E-03
 72  15.1723428    372.78 2.9838E+04  0.2995  0.2997 1.1559E-03
 73  17.3965416    388.36 2.6920E+04  0.2992  0.2994 1.2722E-03
 74  19.9467982    404.58 2.4692E+04  0.2990  0.2991 1.4002E-03
 75  22.8709111    421.47 2.3510E+04  0.2988  0.2989 1.5412E-03
 76  26.2236862    439.05 2.3841E+04  0.2986  0.2987 1.6963E-03
 77  30.0679633    457.35 2.6517E+04  0.2985  0.2986 1.8672E-03
 78  35.4757946    480.49 2.9893E+04  0.2984  0.2984 2.0969E-03
 79  40.7001541    500.59 3.2924E+04  0.2982  0.2983 2.3091E-03
 80  47.1661551    523.09 3.7242E+04  0.2981  0.2982 2.5609E-03
 81  60.1449117    562.39 4.2553E+04  0.2979  0.2980 3.0373E-03
 82  75.0013841    600.60 4.8653E+04  0.2976  0.2978 3.5466E-03
 83 100.0003074    654.26 5.4391E+04  0.2973  0.2975 4.3409E-03
 84 125.2871804    699.56 5.8436E+04  0.2967  0.2970 5.0864E-03
 85 150.0002039    737.91 6.2523E+04  0.2961  0.2964 5.7732E-03
 86 200.0093950    803.47 6.5410E+04  0.2953  0.2958 7.0699E-03
 87 250.0162382    858.08 7.1588E+04  0.2940  0.2947 8.2751E-03
 88 300.0012071    905.21 7.1407E+04  0.2929  0.2934 9.4125E-03
 89 360.2504635    954.95 7.0788E+04  0.2915  0.2923 1.0714E-02
 90 420.0637737    998.57 6.9616E+04  0.2902  0.2908 1.1948E-02
 91 500.5297946   1050.57 9.0689E+04  0.2887  0.2896 1.3532E-02
