 200.   100.00   0.28 0.0 0.100E+06  0.00  1.00  1.00  Teff, grav(MKS), Y, f_sed, kz_min, [Fe/H], C/O, f_hole
  1   0.0001778     73.65 3.4900E-01  0.0000  0.0000 6.8089E-08
  2   0.0002113     74.14 4.2921E-01  0.2717  0.0382 8.0386E-08
  3   0.0002512     74.91 5.1525E-01  0.2729  0.0599 9.4579E-08
  4   0.0002985     75.79 5.0958E-01  0.2744  0.0674 1.1109E-07
  5   0.0003547     76.87 4.9000E-01  0.2761  0.0822 1.3014E-07
  6   0.0004216     78.15 4.6946E-01  0.2781  0.0952 1.5216E-07
  7   0.0005010     79.60 4.4683E-01  0.2805  0.1069 1.7752E-07
  8   0.0005954     81.26 4.2131E-01  0.2830  0.1195 2.0666E-07
  9   0.0007076     83.14 3.9212E-01  0.2858  0.1324 2.4005E-07
 10   0.0008410     85.25 3.5846E-01  0.2889  0.1452 2.7824E-07
 11   0.0009994     87.61 3.1942E-01  0.2923  0.1584 3.2174E-07
 12   0.0011878     90.23 2.7391E-01  0.2959  0.1706 3.7128E-07
 13   0.0014116     93.12 2.2053E-01  0.2993  0.1826 4.2755E-07
 14   0.0016776     96.09 1.5800E-01  0.3027  0.1819 4.9241E-07
 15   0.0019937    100.16 8.1611E-02  0.3066  0.2403 5.6141E-07
 16   0.0023694     99.57 0.0000E+00  0.3085 -0.0342 6.7116E-07
 17   0.0028159     98.01 0.0000E+00  0.3073 -0.0915 8.1033E-07
 18   0.0033465    103.21 0.0000E+00  0.3091  0.2996 9.1449E-07
 19   0.0039771    106.97 2.8196E+00  0.3126  0.2072 1.0486E-06
 20   0.0047265    112.45 5.0964E+00  0.3160  0.2894 1.1856E-06
 21   0.0056172     98.21 3.2072E+00  0.3128 -0.7847 1.6133E-06
 22   0.0066756    106.46 2.1769E+00  0.3105  0.4677 1.7686E-06
 23   0.0079336    110.98 7.6120E+00  0.3153  0.2409 2.0162E-06
 24   0.0094285    116.75 2.6813E+01  0.3185  0.2933 2.2781E-06
 25   0.0112052    119.46 4.4859E+01  0.3202  0.1328 2.6462E-06
 26   0.0133167    115.82 4.5578E+01  0.3200 -0.1790 3.2430E-06
 27   0.0158260    112.66 3.4588E+01  0.3186 -0.1602 3.9620E-06
 28   0.0188082    113.50 1.9869E+01  0.3182  0.0426 4.6741E-06
 29   0.0223523    116.80 7.8629E+00  0.3190  0.1662 5.3979E-06
 30   0.0265643    119.67 2.9661E+00  0.3202  0.1408 6.2613E-06
 31   0.0315700    122.17 7.1750E+00  0.3213  0.1198 7.2892E-06
 32   0.0375189    124.30 1.7553E+01  0.3222  0.0999 8.5152E-06
 33   0.0445889    126.19 2.7529E+01  0.3229  0.0876 9.9686E-06
 34   0.0529910    128.08 3.2145E+01  0.3233  0.0860 1.1673E-05
 35   0.0629764    130.70 3.0976E+01  0.3236  0.1174 1.3596E-05
 36   0.0748435    134.03 2.7759E+01  0.3240  0.1454 1.5760E-05
 37   0.0889467    137.64 2.4656E+01  0.3244  0.1541 1.8241E-05
 38   0.1057074    142.00 2.2190E+01  0.3248  0.1805 2.1015E-05
 39   0.1256265    146.05 2.0759E+01  0.3247  0.1631 2.4282E-05
 40   0.1492991    149.33 2.0063E+01  0.3244  0.1285 2.8223E-05
 41   0.1774324    152.19 1.9631E+01  0.3242  0.1101 3.2910E-05
 42   0.2108671    155.14 1.9296E+01  0.3240  0.1112 3.8368E-05
 43   0.2506020    158.45 1.9046E+01  0.3238  0.1220 4.4647E-05
 44   0.2978245    162.25 1.8896E+01  0.3233  0.1373 5.1818E-05
 45   0.3539454    166.70 1.8868E+01  0.3225  0.1569 5.9937E-05
 46   0.4006415    170.37 1.8931E+01  0.3218  0.1759 6.6382E-05
 47   0.4500785    174.33 1.9088E+01  0.3211  0.1973 7.2883E-05
 48   0.4999055    178.17 1.9600E+01  0.3204  0.2072 7.9211E-05
 49   0.5941057    186.76 1.0610E+03  0.3191  0.2730 8.9818E-05
 50   0.7060567    197.31 4.7598E+03  0.3170  0.3181 1.0108E-04
 51   0.8391032    208.37 1.1468E+04  0.3148  0.3159 1.1376E-04
 52   0.9972205    219.96 2.0758E+04  0.3125  0.3137 1.2809E-04
 53   1.1851328    232.11 3.1072E+04  0.3103  0.3114 1.4432E-04
 54   1.4084546    244.85 3.9932E+04  0.3084  0.3094 1.6285E-04
 55   1.6738583    258.19 4.4954E+04  0.3065  0.3074 1.8398E-04
 56   1.9892735    272.19 4.7345E+04  0.3050  0.3057 2.0758E-04
 57   2.3641244    286.86 4.8373E+04  0.3035  0.3042 2.3407E-04
 58   2.8096107    302.27 4.8376E+04  0.3024  0.3029 2.6399E-04
 59   3.2390427    315.53 4.7113E+04  0.3015  0.3019 2.9155E-04
 60   4.0682388    337.95 4.5440E+04  0.3007  0.3011 3.4189E-04
 61   4.5936057    350.50 4.4281E+04  0.3001  0.3003 3.7222E-04
 62   4.9159981    357.70 4.3023E+04  0.2997  0.2999 3.9032E-04
 63   5.5046623    370.03 4.1027E+04  0.2995  0.2997 4.2250E-04
 64   6.6607828    391.77 3.9620E+04  0.2992  0.2994 4.8287E-04
 65   7.9159146    412.53 3.9645E+04  0.2989  0.2990 5.4498E-04
 66   9.4075584    434.36 4.1236E+04  0.2987  0.2988 6.1511E-04
 67  11.1802817    457.34 4.4543E+04  0.2985  0.2986 6.9429E-04
 68  13.2870500    481.52 4.8121E+04  0.2984  0.2984 7.8368E-04
 69  15.7908095    506.97 5.1380E+04  0.2982  0.2983 8.8461E-04
 70  18.7663676    533.75 5.4494E+04  0.2980  0.2981 9.9856E-04
 71  22.3026281    561.92 5.7414E+04  0.2979  0.2980 1.1272E-03
 72  26.5052477    591.57 6.0231E+04  0.2977  0.2978 1.2725E-03
 73  31.4997924    622.75 6.2789E+04  0.2974  0.2976 1.4366E-03
 74  37.4354894    655.55 6.5099E+04  0.2971  0.2973 1.6218E-03
 75  44.4896859    690.03 6.7168E+04  0.2967  0.2969 1.8311E-03
 76  52.8731474    726.28 6.8956E+04  0.2963  0.2965 2.0676E-03
 77  62.8363554    764.36 7.0294E+04  0.2957  0.2960 2.3348E-03
 78  72.6769912    797.92 7.1242E+04  0.2951  0.2954 2.5868E-03
 79  82.7488299    829.04 7.1472E+04  0.2944  0.2948 2.8347E-03
 80  92.4723105    856.57 7.3688E+04  0.2937  0.2941 3.0660E-03
 81 100.4862575    877.72 7.4709E+04  0.2932  0.2934 3.2515E-03
 82 110.7843120    903.17 7.4506E+04  0.2927  0.2930 3.4837E-03
 83 125.3470981    936.37 7.4259E+04  0.2918  0.2923 3.8018E-03
 84 148.9670125    984.67 7.3548E+04  0.2907  0.2913 4.2966E-03
 85 177.0377708   1035.22 7.2935E+04  0.2892  0.2900 4.8568E-03
 86 200.3980724   1072.89 7.2339E+04  0.2878  0.2884 5.3046E-03
 87 220.0446581   1102.09 7.1891E+04  0.2867  0.2871 5.6704E-03
 88 240.1620905   1130.03 7.1512E+04  0.2858  0.2862 6.0358E-03
 89 270.1581467   1168.62 7.1191E+04  0.2846  0.2853 6.5656E-03
 90 300.7058796   1204.70 7.0378E+04  0.2832  0.2839 7.0893E-03
 91 350.0025047   1257.51 9.0706E+04  0.2817  0.2826 7.9053E-03
