2100.   178.00   0.28 0.0 0.100E+06  0.00  1.00  1.00  Teff, grav(MKS), Y, f_sed, kz_min, [Fe/H], C/O, f_hole
  1   0.0001778    849.91 1.9191E+05  0.0000  0.0000 5.9363E-09
  2   0.0001995    853.99 1.9895E+05  0.2935  0.0417 6.6293E-09
  3   0.0002239    858.79 2.0821E+05  0.2934  0.0486 7.3972E-09
  4   0.0002512    864.03 2.1854E+05  0.2933  0.0529 8.2500E-09
  5   0.0002819    869.65 2.1334E+05  0.2932  0.0562 9.1976E-09
  6   0.0003163    875.61 2.0802E+05  0.2931  0.0593 1.0250E-08
  7   0.0003550    881.87 2.0420E+05  0.2929  0.0619 1.1420E-08
  8   0.0003983    888.36 2.0123E+05  0.2928  0.0636 1.2721E-08
  9   0.0004469    895.06 1.9882E+05  0.2927  0.0652 1.4167E-08
 10   0.0005015    901.97 1.9681E+05  0.2925  0.0668 1.5775E-08
 11   0.0005627    909.08 1.9510E+05  0.2922  0.0681 1.7563E-08
 12   0.0006315    916.35 1.9363E+05  0.2920  0.0691 1.9551E-08
 13   0.0007086    923.77 1.9234E+05  0.2918  0.0700 2.1762E-08
 14   0.0007951    931.35 1.9118E+05  0.2916  0.0709 2.4221E-08
 15   0.0008922    939.07 1.9014E+05  0.2914  0.0717 2.6954E-08
 16   0.0010011    946.96 1.8919E+05  0.2912  0.0726 2.9994E-08
 17   0.0011233    955.03 1.8831E+05  0.2909  0.0737 3.3372E-08
 18   0.0012605    963.25 1.8749E+05  0.2907  0.0744 3.7127E-08
 19   0.0014144    971.60 1.8673E+05  0.2905  0.0749 4.1302E-08
 20   0.0015871    980.07 1.8602E+05  0.2902  0.0754 4.5944E-08
 21   0.0017809    988.67 1.8536E+05  0.2900  0.0758 5.1106E-08
 22   0.0019983    997.40 1.8474E+05  0.2898  0.0763 5.6844E-08
 23   0.0022423   1006.25 1.8417E+05  0.2895  0.0767 6.3223E-08
 24   0.0025161   1015.23 1.8364E+05  0.2892  0.0771 7.0315E-08
 25   0.0028233   1024.33 1.8315E+05  0.2889  0.0774 7.8200E-08
 26   0.0031680   1033.55 1.8269E+05  0.2886  0.0779 8.6965E-08
 27   0.0035548   1042.91 1.8227E+05  0.2883  0.0782 9.6708E-08
 28   0.0039889   1052.37 1.8188E+05  0.2880  0.0784 1.0754E-07
 29   0.0044759   1061.91 1.8153E+05  0.2876  0.0784 1.1959E-07
 30   0.0050224   1071.53 1.8120E+05  0.2873  0.0783 1.3298E-07
 31   0.0056357   1081.24 1.8090E+05  0.2870  0.0783 1.4788E-07
 32   0.0063238   1091.03 1.8063E+05  0.2867  0.0783 1.6445E-07
 33   0.0070959   1100.95 1.8038E+05  0.2864  0.0785 1.8286E-07
 34   0.0079623   1111.01 1.8014E+05  0.2861  0.0790 2.0333E-07
 35   0.0089345   1121.25 1.7992E+05  0.2857  0.0796 2.2608E-07
 36   0.0100255   1131.70 1.7972E+05  0.2854  0.0805 2.5134E-07
 37   0.0112496   1142.43 1.7952E+05  0.2850  0.0819 2.7938E-07
 38   0.0126231   1153.52 1.7934E+05  0.2846  0.0839 3.1048E-07
 39   0.0141644   1165.05 1.7917E+05  0.2842  0.0863 3.4494E-07
 40   0.0158939   1177.09 1.7900E+05  0.2837  0.0892 3.8310E-07
 41   0.0178345   1189.70 1.7885E+05  0.2833  0.0925 4.2532E-07
 42   0.0200121   1202.96 1.7870E+05  0.2828  0.0962 4.7199E-07
 43   0.0224556   1216.91 1.7856E+05  0.2823  0.1001 5.2355E-07
 44   0.0251974   1231.58 1.7843E+05  0.2818  0.1041 5.8047E-07
 45   0.0282740   1247.02 1.7831E+05  0.2813  0.1081 6.4329E-07
 46   0.0317263   1263.20 1.7820E+05  0.2808  0.1119 7.1259E-07
 47   0.0356001   1280.27 1.7809E+05  0.2801  0.1165 7.8893E-07
 48   0.0399468   1298.29 1.7800E+05  0.2794  0.1214 8.7297E-07
 49   0.0448243   1317.25 1.7791E+05  0.2787  0.1258 9.6546E-07
 50   0.0502974   1337.13 1.7783E+05  0.2779  0.1300 1.0672E-06
 51   0.0564387   1357.98 1.7776E+05  0.2771  0.1343 1.1792E-06
 52   0.0633299   1379.87 1.7770E+05  0.2763  0.1389 1.3021E-06
 53   0.0710624   1402.92 1.7765E+05  0.2755  0.1438 1.4371E-06
 54   0.0797392   1427.28 1.7761E+05  0.2747  0.1494 1.5851E-06
 55   0.0894753   1453.26 1.7758E+05  0.2734  0.1566 1.7469E-06
 56   0.1004002   1481.42 1.7755E+05  0.2722  0.1666 1.9230E-06
 57   0.1126591   1512.76 1.7753E+05  0.2709  0.1817 2.1133E-06
 58   0.1264148   1550.30 3.6423E+05  0.2694  0.2128 2.3144E-06
 59   0.1418500   1599.04 1.6603E+06  0.2676  0.2687 2.5185E-06
 60   0.1591699   1648.85 3.9626E+06  0.2645  0.2663 2.7414E-06
 61   0.1786045   1699.56 7.2277E+06  0.2612  0.2629 2.9854E-06
 62   0.2004121   1751.19 1.1558E+07  0.2581  0.2598 3.2519E-06
 63   0.2248824   1803.78 1.7314E+07  0.2552  0.2569 3.5428E-06
 64   0.2523405   1857.01 2.4697E+07  0.2492  0.2525 3.8609E-06
 65   0.2831513   1910.56 3.3579E+07  0.2437  0.2468 4.2098E-06
 66   0.3177241   1964.47 4.4724E+07  0.2386  0.2415 4.5928E-06
 67   0.3565182   2018.81 5.9647E+07  0.2341  0.2369 5.0127E-06
 68   0.4000490   2073.19 7.9128E+07  0.2258  0.2307 5.4743E-06
 69   0.4488950   2127.01 1.0354E+08  0.2179  0.2225 5.9828E-06
 70   0.5037050   2180.38 1.3335E+08  0.2108  0.2151 6.5437E-06
 71   0.5652074   2233.40 1.6903E+08  0.2045  0.2085 7.1614E-06
 72   0.6342192   2286.18 2.1119E+08  0.1979  0.2028 7.8409E-06
 73   0.7116573   2338.14 2.5952E+08  0.1902  0.1951 8.5923E-06
 74   0.7985506   2389.24 3.1345E+08  0.1831  0.1877 9.4226E-06
 75   0.8960536   2439.56 3.7229E+08  0.1766  0.1809 1.0340E-05
 76   1.0054617   2489.19 4.3549E+08  0.1706  0.1748 1.1356E-05
 77   1.1282285   2538.17 5.0215E+08  0.1652  0.1692 1.2471E-05
 78   1.2659851   2586.67 5.7084E+08  0.1607  0.1643 1.3698E-05
 79   1.4205619   2634.74 6.3991E+08  0.1564  0.1598 1.5054E-05
 80   1.5940124   2682.37 7.0734E+08  0.1521  0.1555 1.6551E-05
 81   1.7886412   2729.55 7.7093E+08  0.1480  0.1513 1.8202E-05
 82   2.0070342   2776.26 8.2853E+08  0.1441  0.1473 2.0025E-05
 83   2.2520929   2822.54 8.7836E+08  0.1404  0.1435 2.2046E-05
 84   2.5270734   2868.44 9.1893E+08  0.1380  0.1400 2.4287E-05
 85   2.8356289   2914.54 9.5169E+08  0.1363  0.1384 2.6764E-05
 86   3.1818590   2960.78 9.7836E+08  0.1345  0.1366 2.9473E-05
 87   3.5703638   3007.11 9.9983E+08  0.1327  0.1348 3.2427E-05
 88   4.0063050   3053.47 1.0172E+09  0.1307  0.1328 3.5696E-05
 89   4.4954746   3099.83 1.0314E+09  0.1287  0.1308 3.9299E-05
 90   5.0443718   3146.18 1.0429E+09  0.1267  0.1288 4.3271E-05
 91   5.6602894   3192.47 1.1026E+09  0.1250  0.1268 4.7660E-05
