2100.   316.00   0.28 0.0 0.100E+06  0.00  1.00  1.00  Teff, grav(MKS), Y, f_sed, kz_min, [Fe/H], C/O, f_hole
  1   0.0001778    811.71 1.1406E+05  0.0000  0.0000 6.2146E-09
  2   0.0002006    816.40 1.1882E+05  0.2944  0.0478 6.9713E-09
  3   0.0002262    821.69 1.2490E+05  0.2943  0.0538 7.8104E-09
  4   0.0002551    827.41 1.3143E+05  0.2942  0.0577 8.7474E-09
  5   0.0002878    833.52 1.2857E+05  0.2940  0.0609 9.7965E-09
  6   0.0003246    840.01 1.2523E+05  0.2939  0.0645 1.0964E-08
  7   0.0003661    846.81 1.2271E+05  0.2937  0.0671 1.2266E-08
  8   0.0004129    853.81 1.2068E+05  0.2936  0.0684 1.3721E-08
  9   0.0004657    860.96 1.1901E+05  0.2934  0.0693 1.5347E-08
 10   0.0005253    868.24 1.1760E+05  0.2933  0.0699 1.7166E-08
 11   0.0005924    875.61 1.1640E+05  0.2931  0.0703 1.9196E-08
 12   0.0006682    883.10 1.1535E+05  0.2929  0.0707 2.1468E-08
 13   0.0007537    890.69 1.1445E+05  0.2928  0.0711 2.4009E-08
 14   0.0008500    898.41 1.1365E+05  0.2926  0.0718 2.6843E-08
 15   0.0009587    906.33 1.1294E+05  0.2923  0.0730 3.0011E-08
 16   0.0010813    914.47 1.1231E+05  0.2921  0.0743 3.3548E-08
 17   0.0012196    922.76 1.1174E+05  0.2919  0.0750 3.7499E-08
 18   0.0013756    931.13 1.1123E+05  0.2916  0.0750 4.1915E-08
 19   0.0015515    939.57 1.1075E+05  0.2914  0.0749 4.6851E-08
 20   0.0017499    948.07 1.1031E+05  0.2911  0.0748 5.2368E-08
 21   0.0019737    956.63 1.0990E+05  0.2909  0.0748 5.8537E-08
 22   0.0022261    965.28 1.0952E+05  0.2906  0.0748 6.5431E-08
 23   0.0025108    974.03 1.0916E+05  0.2904  0.0750 7.3136E-08
 24   0.0028319    982.89 1.0883E+05  0.2902  0.0753 8.1745E-08
 25   0.0031941    991.94 1.0852E+05  0.2899  0.0761 9.1360E-08
 26   0.0036025   1001.18 1.0823E+05  0.2897  0.0770 1.0209E-07
 27   0.0040632   1010.55 1.0796E+05  0.2894  0.0774 1.1408E-07
 28   0.0045828   1020.02 1.0771E+05  0.2891  0.0776 1.2747E-07
 29   0.0051689   1029.58 1.0748E+05  0.2887  0.0775 1.4244E-07
 30   0.0058299   1039.21 1.0726E+05  0.2884  0.0774 1.5916E-07
 31   0.0065755   1048.91 1.0707E+05  0.2881  0.0772 1.7786E-07
 32   0.0074164   1058.66 1.0689E+05  0.2878  0.0769 1.9876E-07
 33   0.0083648   1068.48 1.0673E+05  0.2874  0.0767 2.2212E-07
 34   0.0094345   1078.38 1.0658E+05  0.2871  0.0766 2.4822E-07
 35   0.0106410   1088.41 1.0645E+05  0.2868  0.0770 2.7738E-07
 36   0.0120019   1098.66 1.0632E+05  0.2865  0.0779 3.0994E-07
 37   0.0135367   1109.13 1.0620E+05  0.2861  0.0788 3.4627E-07
 38   0.0152678   1119.84 1.0609E+05  0.2858  0.0799 3.8682E-07
 39   0.0172203   1130.83 1.0599E+05  0.2854  0.0812 4.3205E-07
 40   0.0194225   1142.17 1.0590E+05  0.2850  0.0829 4.8247E-07
 41   0.0219063   1153.92 1.0581E+05  0.2846  0.0851 5.3862E-07
 42   0.0247078   1166.17 1.0573E+05  0.2841  0.0878 6.0112E-07
 43   0.0278675   1179.01 1.0565E+05  0.2837  0.0910 6.7061E-07
 44   0.0314313   1192.54 1.0558E+05  0.2832  0.0948 7.4779E-07
 45   0.0354509   1206.95 1.0551E+05  0.2827  0.0998 8.3335E-07
 46   0.0399844   1222.27 1.0544E+05  0.2822  0.1048 9.2814E-07
 47   0.0450978   1238.52 1.0538E+05  0.2816  0.1098 1.0331E-06
 48   0.0508650   1255.75 1.0532E+05  0.2811  0.1148 1.1492E-06
 49   0.0573698   1273.97 1.0527E+05  0.2804  0.1197 1.2777E-06
 50   0.0647065   1293.22 1.0522E+05  0.2797  0.1246 1.4196E-06
 51   0.0729814   1313.49 1.0518E+05  0.2789  0.1292 1.5764E-06
 52   0.0823145   1334.74 1.0515E+05  0.2781  0.1334 1.7497E-06
 53   0.0928412   1357.03 1.0512E+05  0.2773  0.1376 1.9411E-06
 54   0.1047140   1380.50 1.0510E+05  0.2764  0.1425 2.1521E-06
 55   0.1181052   1405.41 1.0508E+05  0.2756  0.1486 2.3843E-06
 56   0.1332089   1431.95 1.0507E+05  0.2746  0.1554 2.6394E-06
 57   0.1502442   1460.55 1.0506E+05  0.2733  0.1643 2.9186E-06
 58   0.1694579   1491.98 1.0506E+05  0.2720  0.1769 3.2226E-06
 59   0.1911288   1526.86 1.0506E+05  0.2707  0.1920 3.5521E-06
 60   0.2155710   1572.02 8.7743E+05  0.2691  0.2422 3.8919E-06
 61   0.2431390   1623.59 3.0131E+06  0.2668  0.2682 4.2512E-06
 62   0.2742325   1676.26 6.3489E+06  0.2637  0.2653 4.6458E-06
 63   0.3093023   1730.02 1.0580E+07  0.2607  0.2623 5.0790E-06
 64   0.3488569   1784.88 1.5988E+07  0.2579  0.2594 5.5538E-06
 65   0.3934700   1840.81 2.3054E+07  0.2534  0.2564 6.0738E-06
 66   0.4437883   1897.27 3.1706E+07  0.2482  0.2510 6.6456E-06
 67   0.5005415   1954.30 4.2330E+07  0.2434  0.2461 7.2750E-06
 68   0.5645525   2011.98 5.6318E+07  0.2392  0.2417 7.9671E-06
 69   0.6367494   2070.06 7.4843E+07  0.2318  0.2365 8.7301E-06
 70   0.7181792   2127.80 9.8619E+07  0.2243  0.2286 9.5737E-06
 71   0.8100224   2185.31 1.2854E+08  0.2176  0.2216 1.0507E-05
 72   0.9136109   2242.70 1.6541E+08  0.2116  0.2154 1.1539E-05
 73   1.0304467   2300.01 2.1032E+08  0.2045  0.2097 1.2678E-05
 74   1.1622238   2356.46 2.6296E+08  0.1966  0.2015 1.3941E-05
 75   1.3108531   2412.12 3.2261E+08  0.1894  0.1940 1.5338E-05
 76   1.4784896   2467.09 3.8816E+08  0.1829  0.1872 1.6886E-05
 77   1.6675640   2521.48 4.5830E+08  0.1771  0.1812 1.8603E-05
 78   1.8808179   2575.34 5.3139E+08  0.1716  0.1756 2.0502E-05
 79   2.1213435   2628.66 6.0543E+08  0.1664  0.1703 2.2611E-05
 80   2.3926283   2681.45 6.7814E+08  0.1615  0.1652 2.4952E-05
 81   2.6986060   2733.73 7.4712E+08  0.1568  0.1604 2.7549E-05
 82   3.0437132   2785.48 8.1028E+08  0.1524  0.1558 3.0432E-05
 83   3.4329539   2836.76 8.6526E+08  0.1482  0.1516 3.3602E-05
 84   3.8719721   2887.80 9.1047E+08  0.1457  0.1482 3.7110E-05
 85   4.3671334   2938.94 9.4670E+08  0.1434  0.1459 4.0985E-05
 86   4.9256177   2990.12 9.7531E+08  0.1410  0.1435 4.5270E-05
 87   5.5555230   3041.30 9.9804E+08  0.1386  0.1410 5.0033E-05
 88   6.2659827   3092.44 1.0163E+09  0.1361  0.1386 5.5319E-05
 89   7.0672985   3143.51 1.0312E+09  0.1337  0.1361 6.1185E-05
 90   7.9710894   3194.51 1.0428E+09  0.1316  0.1337 6.7709E-05
 91   8.9904602   3245.88 1.1026E+09  0.1312  0.1326 7.4965E-05
