2100.    10.00   0.28 0.0 0.100E+06  0.00  1.00  1.00  Teff, grav(MKS), Y, f_sed, kz_min, [Fe/H], C/O, f_hole
  1   0.0001778   1118.37 3.0540E+06  0.0000  0.0000 4.5106E-09
  2   0.0001959   1121.82 3.1564E+06  0.2856  0.0318 4.9545E-09
  3   0.0002379   1131.19 3.2946E+06  0.2854  0.0428 5.9669E-09
  4   0.0002621   1136.58 3.4153E+06  0.2851  0.0491 6.5427E-09
  5   0.0002888   1142.40 3.3168E+06  0.2849  0.0527 7.1724E-09
  6   0.0003506   1154.90 3.2549E+06  0.2845  0.0561 8.6131E-09
  7   0.0003864   1161.58 3.2244E+06  0.2842  0.0594 9.4379E-09
  8   0.0004257   1168.59 3.1991E+06  0.2839  0.0621 1.0335E-08
  9   0.0004691   1175.89 3.1775E+06  0.2837  0.0642 1.1318E-08
 10   0.0005169   1183.50 3.1584E+06  0.2834  0.0664 1.2392E-08
 11   0.0005695   1191.39 3.1413E+06  0.2831  0.0686 1.3562E-08
 12   0.0006275   1199.61 3.1257E+06  0.2828  0.0709 1.4841E-08
 13   0.0006914   1208.14 3.1113E+06  0.2825  0.0731 1.6237E-08
 14   0.0007618   1216.98 3.0979E+06  0.2822  0.0752 1.7760E-08
 15   0.0008394   1226.16 3.0853E+06  0.2819  0.0775 1.9422E-08
 16   0.0009249   1235.70 3.0734E+06  0.2815  0.0799 2.1236E-08
 17   0.0010191   1245.59 3.0622E+06  0.2812  0.0822 2.3213E-08
 18   0.0011229   1255.97 3.0458E+06  0.2809  0.0856 2.5365E-08
 19   0.0013633   1277.95 3.0315E+06  0.2802  0.0894 3.0266E-08
 20   0.0015022   1289.56 3.0221E+06  0.2794  0.0932 3.3050E-08
 21   0.0016552   1301.83 3.0132E+06  0.2789  0.0977 3.6073E-08
 22   0.0018238   1314.69 3.0047E+06  0.2784  0.1013 3.9360E-08
 23   0.0020096   1328.21 2.9967E+06  0.2778  0.1054 4.2929E-08
 24   0.0022143   1342.41 2.9891E+06  0.2772  0.1096 4.6802E-08
 25   0.0024398   1357.32 2.9820E+06  0.2766  0.1139 5.1003E-08
 26   0.0026883   1372.97 2.9761E+06  0.2759  0.1182 5.5559E-08
 27   0.0029021   1385.86 2.9704E+06  0.2753  0.1221 5.9422E-08
 28   0.0032038   1403.38 2.9647E+06  0.2747  0.1270 6.4785E-08
 29   0.0035062   1420.34 2.9599E+06  0.2740  0.1333 7.0062E-08
 30   0.0038000   1436.44 2.9557E+06  0.2728  0.1400 7.5093E-08
 31   0.0041025   1452.63 2.9520E+06  0.2716  0.1463 8.0180E-08
 32   0.0044061   1468.50 2.9487E+06  0.2704  0.1522 8.5197E-08
 33   0.0047108   1484.09 2.9455E+06  0.2693  0.1579 9.0148E-08
 34   0.0051000   1503.43 2.9415E+06  0.2680  0.1631 9.6359E-08
 35   0.0057008   1531.39 2.9378E+06  0.2663  0.1655 1.0576E-07
 36   0.0062408   1554.90 2.9352E+06  0.2645  0.1683 1.1404E-07
 37   0.0066357   1571.39 2.9332E+06  0.2632  0.1720 1.1999E-07
 38   0.0070912   1589.92 2.9308E+06  0.2620  0.1765 1.2674E-07
 39   0.0078134   1618.30 2.9282E+06  0.2584  0.1824 1.3721E-07
 40   0.0086093   1648.63 2.9259E+06  0.2535  0.1914 1.4839E-07
 41   0.0094862   1680.25 2.8715E+06  0.2484  0.1959 1.6040E-07
 42   0.0104524   1720.80 4.0044E+06  0.2426  0.2458 1.7252E-07
 43   0.0115170   1761.38 6.4227E+06  0.2372  0.2403 1.8565E-07
 44   0.0126900   1802.05 1.2910E+07  0.2319  0.2354 1.9985E-07
 45   0.0154067   1883.58 2.3329E+07  0.2168  0.2281 2.3184E-07
 46   0.0169760   1922.07 3.3533E+07  0.2035  0.2085 2.5015E-07
 47   0.0187051   1959.82 4.6010E+07  0.1959  0.2005 2.7008E-07
 48   0.0206103   1996.92 6.0976E+07  0.1890  0.1934 2.9174E-07
 49   0.0227095   2033.44 7.8662E+07  0.1818  0.1869 3.1537E-07
 50   0.0250226   2069.07 9.9104E+07  0.1742  0.1791 3.4111E-07
 51   0.0275712   2103.81 1.2230E+08  0.1670  0.1717 3.6917E-07
 52   0.0303795   2137.68 1.4827E+08  0.1602  0.1647 3.9974E-07
 53   0.0334737   2170.73 1.7695E+08  0.1539  0.1581 4.3298E-07
 54   0.0368832   2202.98 2.0814E+08  0.1480  0.1521 4.6921E-07
 55   0.0406399   2234.48 2.4155E+08  0.1425  0.1464 5.0863E-07
 56   0.0447792   2265.27 2.7676E+08  0.1381  0.1411 5.5152E-07
 57   0.0493402   2295.75 3.1374E+08  0.1351  0.1378 5.9811E-07
 58   0.0543657   2325.95 3.5244E+08  0.1321  0.1348 6.4900E-07
 59   0.0599031   2355.84 3.9270E+08  0.1290  0.1316 7.0437E-07
 60   0.0660045   2385.38 4.3429E+08  0.1258  0.1285 7.6463E-07
 61   0.0727273   2414.56 4.7697E+08  0.1227  0.1253 8.3027E-07
 62   0.0801349   2443.36 5.2044E+08  0.1197  0.1222 9.0189E-07
 63   0.0882969   2471.76 5.6433E+08  0.1166  0.1192 9.8049E-07
 64   0.0972904   2499.75 6.0821E+08  0.1136  0.1161 1.0666E-06
 65   0.1071998   2527.31 6.5145E+08  0.1107  0.1131 1.1592E-06
 66   0.1181186   2554.80 6.9369E+08  0.1103  0.1115 1.2590E-06
 67   0.1301494   2582.44 7.3491E+08  0.1097  0.1110 1.3674E-06
 68   0.1434057   2610.20 7.7488E+08  0.1089  0.1102 1.4854E-06
 69   0.1580122   2638.02 8.1319E+08  0.1080  0.1093 1.6142E-06
 70   0.1741064   2665.90 8.4938E+08  0.1070  0.1084 1.7542E-06
 71   0.1918399   2693.80 8.8303E+08  0.1059  0.1074 1.9067E-06
 72   0.2113796   2721.69 9.1371E+08  0.1048  0.1062 2.0729E-06
 73   0.2329095   2749.54 9.4111E+08  0.1035  0.1049 2.2545E-06
 74   0.2566323   2777.29 9.6502E+08  0.1021  0.1036 2.4531E-06
 75   0.2827714   2804.96 9.8549E+08  0.1007  0.1022 2.6710E-06
 76   0.3115729   2832.51 1.0025E+09  0.0993  0.1008 2.9075E-06
 77   0.3433079   2860.19 1.0164E+09  0.0997  0.1003 3.1583E-06
 78   0.3782753   2888.23 1.0279E+09  0.0999  0.1005 3.4302E-06
 79   0.4168042   2916.57 1.0375E+09  0.1000  0.1007 3.7252E-06
 80   0.4592575   2945.25 1.0459E+09  0.1002  0.1009 4.0456E-06
 81   0.5060348   2974.22 1.0531E+09  0.1002  0.1009 4.3938E-06
 82   0.5575766   3003.45 1.0595E+09  0.1001  0.1008 4.7734E-06
 83   0.6143682   3032.90 1.0651E+09  0.0998  0.1006 5.1899E-06
 84   0.6769442   3062.54 1.0701E+09  0.0994  0.1003 5.6450E-06
 85   0.7458938   3092.37 1.0744E+09  0.0991  0.1000 6.1431E-06
 86   0.8218663   3122.37 1.0783E+09  0.0986  0.0995 6.6892E-06
 87   0.9055768   3152.48 1.0817E+09  0.0980  0.0989 7.2892E-06
 88   0.9978137   3182.67 1.0851E+09  0.0976  0.0983 7.9500E-06
 89   1.1502159   3227.71 1.0882E+09  0.0985  0.0989 8.9580E-06
 90   1.3003182   3267.47 1.0933E+09  0.0995  0.0998 9.9317E-06
 91   2.0000000   3414.66 1.1054E+09  0.1007  0.1023 1.4309E-05
