2200.    56.20   0.28 0.0 0.100E+06  0.00  1.00  1.00  Teff, grav(MKS), Y, f_sed, kz_min, [Fe/H], C/O, f_hole
  1   0.0001778   1025.68 8.1316E+05  0.0000  0.0000 4.9182E-09
  2   0.0001991   1029.81 8.3684E+05  0.2886  0.0355 5.4853E-09
  3   0.0002228   1034.86 8.6800E+05  0.2885  0.0436 6.1083E-09
  4   0.0002494   1040.55 9.0418E+05  0.2883  0.0486 6.8002E-09
  5   0.0002792   1046.76 8.8617E+05  0.2881  0.0527 7.5676E-09
  6   0.0003125   1053.39 8.6938E+05  0.2879  0.0561 8.4168E-09
  7   0.0003498   1060.42 8.5765E+05  0.2876  0.0590 9.3590E-09
  8   0.0003916   1067.81 8.4846E+05  0.2874  0.0615 1.0405E-08
  9   0.0004383   1075.51 8.4079E+05  0.2872  0.0638 1.1562E-08
 10   0.0004906   1083.53 8.3414E+05  0.2869  0.0659 1.2846E-08
 11   0.0005492   1091.84 8.2826E+05  0.2866  0.0677 1.4271E-08
 12   0.0006147   1100.41 8.2299E+05  0.2864  0.0694 1.5849E-08
 13   0.0006881   1109.24 8.1824E+05  0.2861  0.0708 1.7600E-08
 14   0.0007703   1118.28 8.1394E+05  0.2858  0.0720 1.9543E-08
 15   0.0008622   1127.50 8.1005E+05  0.2855  0.0729 2.1696E-08
 16   0.0009651   1136.90 8.0650E+05  0.2852  0.0736 2.4084E-08
 17   0.0010803   1146.45 8.0327E+05  0.2848  0.0741 2.6735E-08
 18   0.0012093   1156.13 8.0032E+05  0.2844  0.0746 2.9677E-08
 19   0.0013536   1165.95 7.9761E+05  0.2841  0.0750 3.2938E-08
 20   0.0015152   1175.92 7.9512E+05  0.2837  0.0755 3.6558E-08
 21   0.0016961   1186.04 7.9282E+05  0.2833  0.0760 4.0573E-08
 22   0.0018986   1196.32 7.9068E+05  0.2830  0.0765 4.5027E-08
 23   0.0021252   1206.78 7.8869E+05  0.2826  0.0772 4.9964E-08
 24   0.0023789   1217.41 7.8683E+05  0.2822  0.0778 5.5440E-08
 25   0.0026628   1228.25 7.8508E+05  0.2818  0.0786 6.1509E-08
 26   0.0029807   1239.33 7.8343E+05  0.2814  0.0796 6.8237E-08
 27   0.0033365   1250.66 7.8186E+05  0.2811  0.0807 7.5690E-08
 28   0.0037347   1262.34 7.8037E+05  0.2807  0.0825 8.3939E-08
 29   0.0041805   1274.48 7.7894E+05  0.2801  0.0849 9.3064E-08
 30   0.0046795   1287.13 7.7757E+05  0.2796  0.0876 1.0315E-07
 31   0.0052381   1300.36 7.7626E+05  0.2790  0.0907 1.1429E-07
 32   0.0058634   1314.21 7.7501E+05  0.2784  0.0939 1.2658E-07
 33   0.0065633   1328.73 7.7382E+05  0.2778  0.0974 1.4014E-07
 34   0.0073467   1343.97 7.7269E+05  0.2771  0.1012 1.5509E-07
 35   0.0082237   1359.99 7.7162E+05  0.2765  0.1051 1.7156E-07
 36   0.0092053   1376.83 7.7062E+05  0.2758  0.1091 1.8969E-07
 37   0.0103041   1394.47 7.6968E+05  0.2751  0.1129 2.0965E-07
 38   0.0115341   1413.19 7.6880E+05  0.2744  0.1183 2.3159E-07
 39   0.0129108   1433.44 7.6797E+05  0.2733  0.1262 2.5559E-07
 40   0.0144520   1455.33 7.6720E+05  0.2719  0.1344 2.8182E-07
 41   0.0161771   1478.86 7.6651E+05  0.2706  0.1422 3.1048E-07
 42   0.0181081   1504.01 7.6589E+05  0.2691  0.1496 3.4177E-07
 43   0.0202696   1530.84 7.6533E+05  0.2677  0.1568 3.7593E-07
 44   0.0226891   1559.60 7.6483E+05  0.2663  0.1651 4.1316E-07
 45   0.0253974   1590.56 7.6438E+05  0.2649  0.1743 4.5363E-07
 46   0.0284290   1623.49 7.6399E+05  0.2619  0.1817 4.9760E-07
 47   0.0318225   1657.76 7.6366E+05  0.2583  0.1852 5.4551E-07
 48   0.0356211   1694.04 7.6337E+05  0.2549  0.1920 5.9753E-07
 49   0.0398731   1733.15 7.6311E+05  0.2516  0.2024 6.5370E-07
 50   0.0446326   1778.79 1.4344E+06  0.2481  0.2305 7.1278E-07
 51   0.0499603   1828.97 3.6787E+06  0.2416  0.2467 7.7570E-07
 52   0.0559239   1878.65 7.9545E+06  0.2328  0.2376 8.4497E-07
 53   0.0625993   1927.91 1.4720E+07  0.2251  0.2296 9.2117E-07
 54   0.0700716   1976.85 2.4513E+07  0.2181  0.2223 1.0049E-06
 55   0.0784359   2025.55 3.8027E+07  0.2113  0.2158 1.0970E-06
 56   0.0877985   2073.44 5.5654E+07  0.2013  0.2072 1.1986E-06
 57   0.0982788   2120.20 7.7676E+07  0.1923  0.1978 1.3107E-06
 58   0.1100100   2165.91 1.0440E+08  0.1840  0.1892 1.4343E-06
 59   0.1231416   2210.65 1.3597E+08  0.1765  0.1813 1.5706E-06
 60   0.1378406   2254.53 1.7244E+08  0.1697  0.1743 1.7207E-06
 61   0.1542942   2297.66 2.1388E+08  0.1637  0.1680 1.8860E-06
 62   0.1727119   2340.03 2.6027E+08  0.1578  0.1620 2.0688E-06
 63   0.1933280   2381.62 3.1143E+08  0.1522  0.1562 2.2703E-06
 64   0.2164049   2422.45 3.6705E+08  0.1468  0.1507 2.4926E-06
 65   0.2422365   2462.52 4.2670E+08  0.1417  0.1455 2.7386E-06
 66   0.2711516   2501.86 4.8975E+08  0.1369  0.1405 3.0114E-06
 67   0.3035181   2540.49 5.5556E+08  0.1329  0.1359 3.3129E-06
 68   0.3397482   2578.94 6.2404E+08  0.1308  0.1332 3.6404E-06
 69   0.3803029   2617.31 6.9465E+08  0.1286  0.1310 4.0013E-06
 70   0.4256985   2655.54 7.6630E+08  0.1262  0.1286 4.3994E-06
 71   0.4765128   2693.61 8.3760E+08  0.1238  0.1262 4.8375E-06
 72   0.5333927   2731.47 9.0687E+08  0.1214  0.1238 5.3200E-06
 73   0.5970622   2769.07 9.7218E+08  0.1188  0.1212 5.8524E-06
 74   0.6683317   2806.36 1.0315E+09  0.1163  0.1186 6.4418E-06
 75   0.7481085   2843.36 1.0824E+09  0.1142  0.1162 7.0976E-06
 76   0.8374079   2880.55 1.1249E+09  0.1140  0.1152 7.8229E-06
 77   0.9373668   2918.11 1.1599E+09  0.1136  0.1149 8.6255E-06
 78   1.0492575   2955.98 1.1886E+09  0.1130  0.1143 9.5008E-06
 79   1.1745042   2994.14 1.2118E+09  0.1124  0.1138 1.0444E-05
 80   1.3147012   3032.55 1.2306E+09  0.1116  0.1130 1.1488E-05
 81   1.4716331   3071.14 1.2461E+09  0.1107  0.1121 1.2639E-05
 82   1.6472975   3109.84 1.2589E+09  0.1096  0.1111 1.3908E-05
 83   1.8439304   3148.65 1.2696E+09  0.1085  0.1100 1.5310E-05
 84   2.0640349   3187.52 1.2781E+09  0.1076  0.1088 1.6861E-05
 85   2.3104125   3226.86 1.2852E+09  0.1082  0.1088 1.8579E-05
 86   2.5861995   3266.85 1.2913E+09  0.1086  0.1092 2.0487E-05
 87   2.8949063   3307.49 1.2966E+09  0.1090  0.1096 2.2613E-05
 88   3.2404625   3348.74 1.3013E+09  0.1092  0.1099 2.4880E-05
 89   3.6272668   3390.55 1.3054E+09  0.1093  0.1100 2.7327E-05
 90   4.1000000   3436.55 1.3087E+09  0.1091  0.1100 3.0261E-05
 91   4.5000000   3471.83 1.3287E+09  0.1090  0.1097 3.2708E-05
