2200.  3160.00   0.28 0.0 0.100E+06  0.00  1.00  1.00  Teff, grav(MKS), Y, f_sed, kz_min, [Fe/H], C/O, f_hole
  1   0.0001778    783.57 1.7533E+04  0.0000  0.0000 6.4393E-09
  2   0.0002052    787.09 1.8635E+04  0.2950  0.0313 7.3982E-09
  3   0.0002369    790.98 1.9744E+04  0.2950  0.0344 8.4962E-09
  4   0.0002734    795.08 1.9708E+04  0.2949  0.0361 9.7546E-09
  5   0.0003155    799.89 1.9467E+04  0.2948  0.0421 1.1190E-08
  6   0.0003641    805.52 1.9230E+04  0.2947  0.0489 1.2824E-08
  7   0.0004202    811.57 1.8995E+04  0.2945  0.0523 1.4689E-08
  8   0.0004849    817.99 1.8762E+04  0.2944  0.0550 1.6820E-08
  9   0.0005597    824.76 1.8534E+04  0.2942  0.0575 1.9253E-08
 10   0.0006459    831.86 1.8310E+04  0.2941  0.0598 2.2031E-08
 11   0.0007454    839.27 1.8093E+04  0.2939  0.0619 2.5201E-08
 12   0.0008603    846.96 1.7883E+04  0.2937  0.0637 2.8821E-08
 13   0.0009929    855.03 1.7682E+04  0.2936  0.0662 3.2949E-08
 14   0.0011459    863.61 1.7490E+04  0.2934  0.0696 3.7648E-08
 15   0.0013224    872.56 1.7309E+04  0.2932  0.0719 4.3003E-08
 16   0.0015262    881.75 1.7138E+04  0.2930  0.0731 4.9111E-08
 17   0.0017614    891.14 1.6978E+04  0.2928  0.0739 5.6080E-08
 18   0.0020328    900.78 1.6830E+04  0.2925  0.0751 6.4026E-08
 19   0.0023460    910.61 1.6693E+04  0.2922  0.0757 7.3095E-08
 20   0.0027075    920.45 1.6565E+04  0.2919  0.0749 8.3459E-08
 21   0.0031247    930.46 1.6447E+04  0.2917  0.0755 9.5283E-08
 22   0.0036062    940.73 1.6338E+04  0.2914  0.0766 1.0877E-07
 23   0.0041619    951.07 1.6238E+04  0.2911  0.0762 1.2416E-07
 24   0.0048032    961.40 1.6147E+04  0.2908  0.0754 1.4176E-07
 25   0.0055434    971.70 1.6065E+04  0.2905  0.0744 1.6186E-07
 26   0.0063976    981.94 1.5992E+04  0.2902  0.0731 1.8486E-07
 27   0.0073834    992.11 1.5926E+04  0.2899  0.0719 2.1115E-07
 28   0.0085211   1002.29 1.5866E+04  0.2897  0.0712 2.4121E-07
 29   0.0098342   1012.62 1.5813E+04  0.2893  0.0715 2.7554E-07
 30   0.0113496   1023.18 1.5763E+04  0.2890  0.0724 3.1472E-07
 31   0.0130984   1033.85 1.5718E+04  0.2886  0.0724 3.5946E-07
 32   0.0151168   1044.51 1.5677E+04  0.2882  0.0716 4.1062E-07
 33   0.0174462   1055.20 1.5638E+04  0.2879  0.0710 4.6910E-07
 34   0.0201345   1065.92 1.5602E+04  0.2875  0.0706 5.3594E-07
 35   0.0232371   1076.72 1.5569E+04  0.2872  0.0704 6.1232E-07
 36   0.0268178   1087.62 1.5538E+04  0.2868  0.0703 6.9958E-07
 37   0.0309502   1098.83 1.5510E+04  0.2865  0.0715 7.9914E-07
 38   0.0357194   1110.49 1.5484E+04  0.2861  0.0736 9.1260E-07
 39   0.0412235   1122.42 1.5461E+04  0.2857  0.0745 1.0420E-06
 40   0.0475758   1134.51 1.5440E+04  0.2853  0.0748 1.1898E-06
 41   0.0549068   1146.76 1.5421E+04  0.2849  0.0749 1.3585E-06
 42   0.0633676   1159.18 1.5403E+04  0.2844  0.0752 1.5510E-06
 43   0.0731320   1171.86 1.5388E+04  0.2840  0.0759 1.7706E-06
 44   0.0844011   1184.92 1.5374E+04  0.2835  0.0773 2.0209E-06
 45   0.0974067   1198.65 1.5362E+04  0.2830  0.0804 2.3056E-06
 46   0.1124164   1213.50 1.5350E+04  0.2825  0.0859 2.6283E-06
 47   0.1297389   1229.47 1.5339E+04  0.2820  0.0912 2.9939E-06
 48   0.1497307   1246.41 1.5329E+04  0.2814  0.0955 3.4083E-06
 49   0.1728031   1264.44 1.5320E+04  0.2808  0.1002 3.8774E-06
 50   0.1994308   1283.66 1.5311E+04  0.2801  0.1053 4.4079E-06
 51   0.2301616   1304.21 1.5303E+04  0.2793  0.1108 5.0070E-06
 52   0.2656278   1326.15 1.5297E+04  0.2785  0.1164 5.6829E-06
 53   0.3065591   1349.85 1.5290E+04  0.2777  0.1236 6.4435E-06
 54   0.3537976   1375.42 1.5285E+04  0.2768  0.1309 7.2981E-06
 55   0.4083152   1402.64 1.5281E+04  0.2759  0.1367 8.2592E-06
 56   0.4712336   1431.47 1.5277E+04  0.2749  0.1420 9.3399E-06
 57   0.5438472   1462.13 1.5274E+04  0.2737  0.1479 1.0553E-05
 58   0.6276500   1495.01 1.5273E+04  0.2724  0.1552 1.1912E-05
 59   0.7243663   1530.64 1.5272E+04  0.2711  0.1643 1.3427E-05
 60   0.8359857   1569.83 1.5273E+04  0.2697  0.1764 1.5110E-05
 61   0.9648050   1613.90 1.5273E+04  0.2682  0.1932 1.6965E-05
 62   1.1134743   1665.53 1.5273E+04  0.2659  0.2197 1.8977E-05
 63   1.2850524   1724.65 2.2757E+05  0.2635  0.2434 2.1156E-05
 64   1.4830695   1790.73 1.6792E+06  0.2609  0.2623 2.3521E-05
 65   1.7115996   1858.55 4.5787E+06  0.2570  0.2594 2.6162E-05
 66   1.9753444   1927.74 9.3658E+06  0.2528  0.2551 2.9116E-05
 67   2.2797304   1998.40 1.6511E+07  0.2490  0.2512 3.2413E-05
 68   2.6310200   2070.56 2.7342E+07  0.2437  0.2475 3.6097E-05
 69   3.0364407   2143.29 4.4849E+07  0.2374  0.2409 4.0230E-05
 70   3.5043338   2216.72 7.2270E+07  0.2317  0.2351 4.4870E-05
 71   4.0443257   2291.00 1.1244E+08  0.2260  0.2300 5.0069E-05
 72   4.6675264   2365.28 1.6736E+08  0.2179  0.2227 5.5924E-05
 73   5.3867577   2439.31 2.3771E+08  0.2106  0.2150 6.2515E-05
 74   6.2168172   2513.28 3.2344E+08  0.2043  0.2084 6.9941E-05
 75   7.1747828   2587.31 4.2385E+08  0.1976  0.2026 7.8296E-05
 76   8.2803638   2660.69 5.3490E+08  0.1904  0.1951 8.7745E-05
 77   9.5563066   2733.54 6.5134E+08  0.1840  0.1885 9.8418E-05
 78  11.0288628   2805.98 7.6711E+08  0.1783  0.1825 1.1041E-04
 79  12.7283290   2878.09 8.7522E+08  0.1732  0.1770 1.2393E-04
 80  14.6896704   2950.05 9.6996E+08  0.1686  0.1723 1.3915E-04
 81  16.9532400   3021.89 1.0480E+09  0.1643  0.1679 1.5631E-04
 82  19.5656089   3093.58 1.1090E+09  0.1601  0.1636 1.7572E-04
 83  22.5805246   3165.16 1.1556E+09  0.1562  0.1596 1.9763E-04
 84  26.0600165   3236.70 1.1907E+09  0.1535  0.1560 2.2242E-04
 85  30.0756724   3308.90 1.2185E+09  0.1515  0.1539 2.5054E-04
 86  34.7101112   3381.69 1.2408E+09  0.1494  0.1518 2.8166E-04
 87  40.0586827   3455.01 1.2589E+09  0.1472  0.1497 3.1666E-04
 88  46.2314295   3528.83 1.2734E+09  0.1451  0.1475 3.5614E-04
 89  53.3553510   3603.11 1.2846E+09  0.1434  0.1454 4.0075E-04
 90  61.5770161   3678.57 1.2935E+09  0.1431  0.1446 4.5104E-04
 91  71.0655790   3755.39 1.3279E+09  0.1427  0.1442 5.0769E-04
