 225.    10.00   0.28 0.0 0.100E+06  0.00  1.00  1.00  Teff, grav(MKS), Y, f_sed, kz_min, [Fe/H], C/O, f_hole
  1   0.0001778     80.07 3.3745E+00  0.0000  0.0000 6.2636E-08
  2   0.0002113     81.34 4.1244E+00  0.2835  0.0915 7.3271E-08
  3   0.0002512     83.08 5.0788E+00  0.2858  0.1227 8.5277E-08
  4   0.0002985     85.04 6.1073E+00  0.2887  0.1347 9.9005E-08
  5   0.0003547     87.33 6.0064E+00  0.2919  0.1544 1.1455E-07
  6   0.0004216     89.92 5.7252E+00  0.2955  0.1688 1.3224E-07
  7   0.0005010     92.72 5.4488E+00  0.2988  0.1780 1.5240E-07
  8   0.0005954     95.88 5.1692E+00  0.3023  0.1938 1.7515E-07
  9   0.0007076     98.72 4.8499E+00  0.3057  0.1695 2.0216E-07
 10   0.0008410    100.39 4.4824E+00  0.3082  0.0969 2.3628E-07
 11   0.0009994    102.93 4.2512E+00  0.3100  0.1450 2.7385E-07
 12   0.0011878    102.86 3.7597E+00  0.3109 -0.0043 3.2572E-07
 13   0.0013116    100.07 2.5627E+00  0.3098 -0.2767 3.6967E-07
 14   0.0015005    101.10 1.0486E+00  0.3091  0.0758 4.1861E-07
 15   0.0016776    103.28 0.0000E+00  0.3104  0.1913 4.5814E-07
 16   0.0019937    106.64 0.0000E+00  0.3125  0.1855 5.2732E-07
 17   0.0023694    109.62 2.9355E+00  0.3149  0.1598 6.0966E-07
 18   0.0028159    112.41 1.0800E+01  0.3169  0.1452 7.0664E-07
 19   0.0033465    114.26 1.7983E+01  0.3183  0.0948 8.2622E-07
 20   0.0039771    115.21 1.9024E+01  0.3188  0.0481 9.7381E-07
 21   0.0047265    116.74 1.5996E+01  0.3193  0.0765 1.1422E-06
 22   0.0056172    118.86 1.1625E+01  0.3201  0.1042 1.3334E-06
 23   0.0066756    122.45 8.1512E+00  0.3212  0.1724 1.5384E-06
 24   0.0079336    126.65 6.1161E+00  0.3227  0.1953 1.7680E-06
 25   0.0094285    131.56 4.9366E+00  0.3236  0.2201 2.0232E-06
 26   0.0112052    136.96 4.1855E+00  0.3242  0.2332 2.3095E-06
 27   0.0133167    141.85 3.6857E+00  0.3248  0.2031 2.6501E-06
 28   0.0158260    146.32 3.3573E+00  0.3247  0.1795 3.0533E-06
 29   0.0188082    150.62 3.1589E+00  0.3244  0.1680 3.5249E-06
 30   0.0223523    154.74 3.0568E+00  0.3241  0.1561 4.0778E-06
 31   0.0265643    158.51 3.0325E+00  0.3238  0.1397 4.7308E-06
 32   0.0315700    161.83 3.0767E+00  0.3233  0.1198 5.5073E-06
 33   0.0375189    164.79 3.1897E+00  0.3227  0.1051 6.4275E-06
 34   0.0445889    167.71 3.3820E+00  0.3222  0.1019 7.5057E-06
 35   0.0529910    170.87 3.6897E+00  0.3216  0.1079 8.7558E-06
 36   0.0629764    174.47 4.1496E+00  0.3210  0.1209 1.0192E-05
 37   0.0748435    178.73 4.8021E+00  0.3203  0.1396 1.1826E-05
 38   0.0889467    183.89 5.7403E+00  0.3193  0.1649 1.3662E-05
 39   0.1057074    189.68 8.0739E+00  0.3181  0.1797 1.5743E-05
 40   0.1256265    199.18 2.3152E+03  0.3165  0.2830 1.7818E-05
 41   0.1492991    210.33 9.1448E+03  0.3144  0.3155 2.0058E-05
 42   0.1774324    222.02 2.0510E+04  0.3121  0.3133 2.2603E-05
 43   0.2108671    234.27 3.3005E+04  0.3100  0.3110 2.5526E-05
 44   0.2506020    247.11 4.3054E+04  0.3080  0.3090 2.8809E-05
 45   0.2978245    260.56 5.2523E+04  0.3062  0.3071 3.2464E-05
 46   0.3539454    274.67 6.0964E+04  0.3047  0.3055 3.6600E-05
 47   0.4206415    289.47 6.7536E+04  0.3033  0.3040 4.1273E-05
 48   0.4999055    305.00 7.1844E+04  0.3023  0.3028 4.6550E-05
 49   0.5941057    321.31 7.4033E+04  0.3013  0.3018 5.2513E-05
 50   0.7060567    338.44 7.4596E+04  0.3006  0.3009 5.9250E-05
 51   0.8391032    356.45 7.4172E+04  0.3000  0.3003 6.6857E-05
 52   0.9972205    375.37 7.3458E+04  0.2995  0.2997 7.5450E-05
 53   1.1851328    395.28 7.3381E+04  0.2992  0.2993 8.5151E-05
 54   1.4084546    416.22 7.4906E+04  0.2989  0.2990 9.6106E-05
 55   1.6738583    438.25 7.8633E+04  0.2987  0.2988 1.0847E-04
 56   1.9892735    461.44 8.4740E+04  0.2985  0.2986 1.2244E-04
 57   2.3641244    485.83 9.1765E+04  0.2983  0.2984 1.3820E-04
 58   2.8096107    511.50 9.8694E+04  0.2982  0.2983 1.5600E-04
 59   3.3390427    538.51 1.0453E+05  0.2980  0.2981 1.7610E-04
 60   3.9682388    566.94 1.0945E+05  0.2979  0.2979 1.9879E-04
 61   4.7159981    596.84 1.1359E+05  0.2976  0.2978 2.2441E-04
 62   5.6046623    628.30 1.1699E+05  0.2974  0.2975 2.5334E-04
 63   6.6607828    661.39 1.1977E+05  0.2971  0.2973 2.8601E-04
 64   7.9159146    696.17 1.2204E+05  0.2967  0.2969 3.2293E-04
 65   9.4075584    732.73 1.2365E+05  0.2962  0.2965 3.6463E-04
 66  11.1802817    771.13 1.2434E+05  0.2956  0.2959 4.1175E-04
 67  13.2870500    811.46 1.2434E+05  0.2949  0.2953 4.6501E-04
 68  15.7908095    853.77 1.2504E+05  0.2940  0.2945 5.2523E-04
 69  18.7663676    898.15 1.2415E+05  0.2930  0.2935 5.9336E-04
 70  22.3026281    944.66 1.2282E+05  0.2918  0.2925 6.7045E-04
 71  26.5052477    993.35 1.2130E+05  0.2904  0.2911 7.5775E-04
 72  31.4997924   1044.30 1.1975E+05  0.2889  0.2898 8.5662E-04
 73  37.4354894   1097.55 1.1790E+05  0.2872  0.2881 9.6862E-04
 74  44.4896859   1153.17 1.1592E+05  0.2855  0.2863 1.0956E-03
 75  52.8731474   1211.21 1.1385E+05  0.2834  0.2844 1.2397E-03
 76  62.8363554   1271.71 1.1166E+05  0.2813  0.2824 1.4032E-03
 77  74.6769912   1334.76 1.0980E+05  0.2791  0.2803 1.5888E-03
 78  88.7488299   1400.37 1.0840E+05  0.2768  0.2780 1.7997E-03
 79 105.4723105   1468.62 1.0753E+05  0.2745  0.2757 2.0395E-03
 80 125.3470981   1539.56 1.0688E+05  0.2720  0.2732 2.3119E-03
 81 148.9670125   1613.24 1.0704E+05  0.2696  0.2708 2.6218E-03
 82 177.0377708   1689.73 1.0849E+05  0.2670  0.2683 2.9745E-03
 83 210.3980724   1769.07 1.1290E+05  0.2645  0.2658 3.3762E-03
 84 250.0446581   1851.33 1.1714E+05  0.2619  0.2633 3.8345E-03
 85 297.1620905   1936.53 1.2156E+05  0.2593  0.2606 4.3580E-03
 86 353.1581467   2024.73 1.2669E+05  0.2567  0.2580 4.9561E-03
 87 419.7058796   2115.97 1.3084E+05  0.2538  0.2553 5.6398E-03
 88 498.7936057   2210.20 1.3569E+05  0.2509  0.2524 6.4207E-03
 89 592.7843120   2307.53 1.3927E+05  0.2480  0.2496 7.3142E-03
 90 704.4862575   2407.82 1.4149E+05  0.2446  0.2464 8.3379E-03
 91 800.0025047   2483.42 1.4525E+05  0.2419  0.2432 9.1879E-03
