 225.    56.20   0.28 0.0 0.100E+06  0.00  1.00  1.00  Teff, grav(MKS), Y, f_sed, kz_min, [Fe/H], C/O, f_hole
  1   0.0001778     79.51 7.0284E-01  0.0000  0.0000 6.3075E-08
  2   0.0002113     80.24 8.6929E-01  0.2821  0.0530 7.4276E-08
  3   0.0002512     81.37 1.0526E+00  0.2836  0.0808 8.7075E-08
  4   0.0002985     82.65 1.0491E+00  0.2855  0.0903 1.0187E-07
  5   0.0003547     84.21 1.0216E+00  0.2877  0.1088 1.1880E-07
  6   0.0004216     86.04 9.9609E-01  0.2903  0.1241 1.3821E-07
  7   0.0005010     88.10 9.6971E-01  0.2932  0.1374 1.6039E-07
  8   0.0005954     90.42 9.4113E-01  0.2964  0.1506 1.8572E-07
  9   0.0007076     93.02 9.0947E-01  0.2993  0.1644 2.1454E-07
 10   0.0008410     95.85 8.7404E-01  0.3025  0.1734 2.4747E-07
 11   0.0009994     99.19 8.3370E-01  0.3059  0.1985 2.8417E-07
 12   0.0011878    101.60 7.7809E-01  0.3090  0.1385 3.2976E-07
 13   0.0014116    101.02 6.9620E-01  0.3097 -0.0330 3.9412E-07
 14   0.0016776    103.12 8.2706E-01  0.3103  0.1191 4.5886E-07
 15   0.0019937    105.07 1.9432E+00  0.3118  0.1087 5.3519E-07
 16   0.0023694    108.98 4.3979E+00  0.3140  0.2116 6.1324E-07
 17   0.0028159    107.98 5.4841E+00  0.3151 -0.0534 7.3554E-07
 18   0.0033465    105.37 4.4201E+00  0.3138 -0.1419 8.9580E-07
 19   0.0039771    105.69 2.5103E+00  0.3129  0.0175 1.0614E-06
 20   0.0047265    107.94 5.6071E-01  0.3139  0.1221 1.2351E-06
 21   0.0059172    110.49 0.0000E+00  0.3156  0.1040 1.5105E-06
 22   0.0079336    113.90 5.2277E-01  0.3178  0.1037 1.9647E-06
 23   0.0094285    115.50 2.4236E+00  0.3188  0.0805 2.3027E-06
 24   0.0112052    117.90 3.6968E+00  0.3196  0.1192 2.6810E-06
 25   0.0133167    120.45 4.1910E+00  0.3206  0.1239 3.1191E-06
 26   0.0158260    122.72 4.2326E+00  0.3216  0.1085 3.6383E-06
 27   0.0188082    125.24 4.0296E+00  0.3225  0.1176 4.2375E-06
 28   0.0223523    127.75 3.5309E+00  0.3233  0.1149 4.9380E-06
 29   0.0265643    133.11 2.9142E+00  0.3237  0.2378 5.6342E-06
 30   0.0315700    139.16 2.5353E+00  0.3244  0.2578 6.4040E-06
 31   0.0375189    144.19 2.3113E+00  0.3249  0.2054 7.3455E-06
 32   0.0445889    148.76 2.1702E+00  0.3245  0.1810 8.4610E-06
 33   0.0529910    153.01 2.1008E+00  0.3242  0.1629 9.7765E-06
 34   0.0629764    156.88 2.1099E+00  0.3239  0.1447 1.1332E-05
 35   0.0748435    160.30 2.2147E+00  0.3236  0.1250 1.3180E-05
 36   0.0889467    163.33 2.4288E+00  0.3230  0.1084 1.5373E-05
 37   0.1057074    166.20 2.7659E+00  0.3224  0.1011 1.7954E-05
 38   0.1256265    169.19 3.2823E+00  0.3219  0.1030 2.0962E-05
 39   0.1492991    172.49 4.0206E+00  0.3213  0.1120 2.4435E-05
 40   0.1774324    176.33 5.0506E+00  0.3207  0.1274 2.8410E-05
 41   0.2108671    180.83 6.6185E+00  0.3199  0.1462 3.2925E-05
 42   0.2506020    186.19 9.0029E+00  0.3188  0.1692 3.8011E-05
 43   0.2978245    192.86 1.2532E+01  0.3175  0.2037 4.3625E-05
 44   0.3339454    199.21 8.6705E+02  0.3162  0.2829 4.7356E-05
 45   0.3706415    205.87 3.3909E+03  0.3148  0.3155 5.0861E-05
 46   0.4166756    213.58 7.0087E+03  0.3134  0.3142 5.5119E-05
 47   0.4500785    218.79 1.2958E+04  0.3121  0.3126 5.8127E-05
 48   0.5099055    227.47 2.3291E+04  0.3108  0.3116 6.3375E-05
 49   0.5941057    238.51 3.6539E+04  0.3092  0.3101 7.0538E-05
 50   0.7060567    251.55 4.7577E+04  0.3074  0.3084 7.9714E-05
 51   0.8391032    265.22 5.6007E+04  0.3057  0.3064 8.9860E-05
 52   0.9972205    279.56 6.2416E+04  0.3042  0.3050 1.0131E-04
 53   1.1851328    294.60 6.6607E+04  0.3029  0.3035 1.1426E-04
 54   1.4084546    310.39 6.8653E+04  0.3019  0.3024 1.2888E-04
 55   1.6738583    326.96 6.8865E+04  0.3010  0.3014 1.4539E-04
 56   1.9892735    344.39 6.7642E+04  0.3004  0.3007 1.6405E-04
 57   2.3641244    362.70 6.5499E+04  0.2998  0.3001 1.8512E-04
 58   2.8096107    381.95 6.3406E+04  0.2994  0.2996 2.0892E-04
 59   3.2390427    398.55 6.1282E+04  0.2991  0.2992 2.3081E-04
 60   4.0682388    426.65 6.1388E+04  0.2988  0.2989 2.7081E-04
 61   4.5936057    442.42 6.2560E+04  0.2986  0.2987 2.9489E-04
 62   4.9159981    451.47 6.4689E+04  0.2985  0.2985 3.0926E-04
 63   5.5046623    466.97 6.9728E+04  0.2984  0.2985 3.3479E-04
 64   6.6607828    494.30 7.6562E+04  0.2983  0.2984 3.8271E-04
 65   7.9159146    520.41 8.3508E+04  0.2981  0.2982 4.3200E-04
 66   9.4075584    547.89 8.9755E+04  0.2980  0.2980 4.8766E-04
 67  11.1802817    576.80 9.4876E+04  0.2978  0.2979 5.5050E-04
 68  13.2870500    607.22 9.9447E+04  0.2976  0.2977 6.2146E-04
 69  15.7908095    639.22 1.0345E+05  0.2973  0.2974 7.0160E-04
 70  18.7663676    672.86 1.0693E+05  0.2969  0.2971 7.9211E-04
 71  22.3026281    708.23 1.0979E+05  0.2965  0.2967 8.9435E-04
 72  26.5052477    745.41 1.1209E+05  0.2960  0.2963 1.0099E-03
 73  31.4997924    784.44 1.1350E+05  0.2954  0.2957 1.1405E-03
 74  37.4354894    825.43 1.1382E+05  0.2946  0.2950 1.2880E-03
 75  44.4896859    868.43 1.1678E+05  0.2936  0.2941 1.4549E-03
 76  52.8731474    913.52 1.1587E+05  0.2927  0.2932 1.6437E-03
 77  62.8363554    960.75 1.1471E+05  0.2913  0.2920 1.8574E-03
 78  72.6769912   1002.25 1.1346E+05  0.2901  0.2907 2.0593E-03
 79  82.7488299   1040.62 1.1227E+05  0.2888  0.2895 2.2583E-03
 80  92.4723105   1074.48 1.1121E+05  0.2876  0.2882 2.4442E-03
 81 100.4862575   1100.43 1.1014E+05  0.2867  0.2871 2.5934E-03
 82 110.7843120   1131.59 1.0889E+05  0.2858  0.2863 2.7804E-03
 83 125.3470981   1172.16 1.0740E+05  0.2845  0.2852 3.0369E-03
 84 148.9670125   1231.01 1.0475E+05  0.2827  0.2837 3.4366E-03
 85 177.0377708   1292.35 1.0272E+05  0.2806  0.2817 3.8904E-03
 86 200.3980724   1337.91 1.0131E+05  0.2787  0.2795 4.2538E-03
 87 220.0446581   1373.13 1.0018E+05  0.2772  0.2778 4.5510E-03
 88 240.1620905   1406.76 9.9048E+04  0.2760  0.2766 4.8484E-03
 89 270.1581467   1453.11 9.8068E+04  0.2746  0.2755 5.2800E-03
 90 300.7058796   1496.37 9.7024E+04  0.2730  0.2738 5.7074E-03
 91 350.0025047   1559.52 1.4522E+05  0.2712  0.2723 6.3744E-03
