2300.    56.20   0.28 0.0 0.100E+06  0.00  1.00  1.00  Teff, grav(MKS), Y, f_sed, kz_min, [Fe/H], C/O, f_hole
  1   0.0001778   1122.81 1.2159E+06  0.0000  0.0000 4.4928E-09
  2   0.0001991   1127.67 1.2484E+06  0.2854  0.0382 5.0093E-09
  3   0.0002228   1133.54 1.2903E+06  0.2852  0.0462 5.5766E-09
  4   0.0002494   1140.07 1.3378E+06  0.2850  0.0510 6.2066E-09
  5   0.0002792   1147.15 1.3163E+06  0.2847  0.0548 6.9053E-09
  6   0.0003125   1154.66 1.2949E+06  0.2845  0.0580 7.6786E-09
  7   0.0003498   1162.59 1.2795E+06  0.2842  0.0607 8.5365E-09
  8   0.0003916   1170.89 1.2671E+06  0.2839  0.0630 9.4889E-09
  9   0.0004383   1179.50 1.2568E+06  0.2836  0.0650 1.0543E-08
 10   0.0004906   1188.40 1.2478E+06  0.2832  0.0667 1.1713E-08
 11   0.0005492   1197.59 1.2398E+06  0.2829  0.0682 1.3011E-08
 12   0.0006147   1206.99 1.2327E+06  0.2826  0.0694 1.4449E-08
 13   0.0006881   1216.57 1.2262E+06  0.2822  0.0701 1.6047E-08
 14   0.0007703   1226.32 1.2204E+06  0.2819  0.0707 1.7821E-08
 15   0.0008622   1236.21 1.2151E+06  0.2815  0.0713 1.9788E-08
 16   0.0009651   1246.26 1.2103E+06  0.2812  0.0718 2.1971E-08
 17   0.0010803   1256.45 1.2058E+06  0.2808  0.0723 2.4394E-08
 18   0.0012093   1266.81 1.2017E+06  0.2804  0.0728 2.7083E-08
 19   0.0013536   1277.37 1.1979E+06  0.2800  0.0736 3.0065E-08
 20   0.0015152   1288.17 1.1943E+06  0.2795  0.0746 3.3372E-08
 21   0.0016961   1299.21 1.1910E+06  0.2790  0.0757 3.7039E-08
 22   0.0018986   1310.55 1.1878E+06  0.2785  0.0771 4.1103E-08
 23   0.0021252   1322.26 1.1848E+06  0.2780  0.0789 4.5602E-08
 24   0.0023789   1334.41 1.1819E+06  0.2775  0.0811 5.0582E-08
 25   0.0026628   1347.05 1.1792E+06  0.2770  0.0836 5.6088E-08
 26   0.0029807   1360.24 1.1766E+06  0.2764  0.0864 6.2176E-08
 27   0.0033365   1374.05 1.1741E+06  0.2758  0.0896 6.8900E-08
 28   0.0037347   1388.61 1.1717E+06  0.2752  0.0935 7.6316E-08
 29   0.0041805   1404.06 1.1694E+06  0.2746  0.0981 8.4491E-08
 30   0.0046795   1420.66 1.1672E+06  0.2740  0.1043 9.3480E-08
 31   0.0052381   1438.58 1.1650E+06  0.2727  0.1112 1.0335E-07
 32   0.0058634   1457.96 1.1629E+06  0.2713  0.1186 1.1417E-07
 33   0.0065633   1478.88 1.1609E+06  0.2698  0.1264 1.2601E-07
 34   0.0073467   1501.27 1.1590E+06  0.2683  0.1332 1.3897E-07
 35   0.0082237   1524.66 1.1573E+06  0.2666  0.1371 1.5320E-07
 36   0.0092053   1548.83 1.1558E+06  0.2650  0.1395 1.6884E-07
 37   0.0103041   1573.69 1.1544E+06  0.2633  0.1412 1.8605E-07
 38   0.0115341   1599.45 1.1532E+06  0.2617  0.1440 2.0493E-07
 39   0.0129108   1626.38 1.1521E+06  0.2579  0.1481 2.2560E-07
 40   0.0144520   1654.37 1.1511E+06  0.2543  0.1513 2.4824E-07
 41   0.0161771   1683.38 1.1503E+06  0.2509  0.1542 2.7305E-07
 42   0.0181081   1713.80 1.1495E+06  0.2477  0.1588 3.0017E-07
 43   0.0202696   1746.12 1.1488E+06  0.2445  0.1657 3.2973E-07
 44   0.0226891   1780.56 1.1482E+06  0.2415  0.1732 3.6187E-07
 45   0.0253974   1815.87 1.1476E+06  0.2360  0.1742 3.9708E-07
 46   0.0284290   1851.08 1.1472E+06  0.2288  0.1703 4.3590E-07
 47   0.0318225   1886.23 1.1468E+06  0.2223  0.1668 4.7865E-07
 48   0.0356211   1931.37 3.3908E+06  0.2153  0.2097 5.2292E-07
 49   0.0398731   1978.23 8.7154E+06  0.2079  0.2126 5.7095E-07
 50   0.0446326   2024.58 1.7508E+07  0.2005  0.2054 6.2382E-07
 51   0.0499603   2069.95 3.0043E+07  0.1906  0.1965 6.8216E-07
 52   0.0559239   2114.09 4.6514E+07  0.1815  0.1871 7.4653E-07
 53   0.0625993   2157.07 6.7104E+07  0.1732  0.1785 8.1762E-07
 54   0.0700716   2198.96 9.1976E+07  0.1656  0.1706 8.9640E-07
 55   0.0784359   2239.84 1.2125E+08  0.1587  0.1634 9.8335E-07
 56   0.0877985   2279.82 1.5502E+08  0.1530  0.1569 1.0794E-06
 57   0.0982788   2319.22 1.9366E+08  0.1481  0.1519 1.1857E-06
 58   0.1100100   2357.99 2.3752E+08  0.1433  0.1470 1.3023E-06
 59   0.1231416   2396.11 2.8665E+08  0.1386  0.1422 1.4304E-06
 60   0.1378406   2433.57 3.4086E+08  0.1340  0.1376 1.5715E-06
 61   0.1542942   2470.35 3.9984E+08  0.1296  0.1330 1.7277E-06
 62   0.1727119   2506.46 4.6302E+08  0.1253  0.1287 1.9005E-06
 63   0.1933280   2541.92 5.2951E+08  0.1223  0.1246 2.0914E-06
 64   0.2164049   2577.37 5.9940E+08  0.1209  0.1228 2.3019E-06
 65   0.2422365   2612.86 6.7275E+08  0.1193  0.1213 2.5347E-06
 66   0.2711516   2648.34 7.4936E+08  0.1176  0.1196 2.7930E-06
 67   0.3035181   2683.76 8.2916E+08  0.1158  0.1178 3.0783E-06
 68   0.3397482   2719.09 9.1136E+08  0.1139  0.1160 3.3857E-06
 69   0.3803029   2754.25 9.9419E+08  0.1119  0.1139 3.7239E-06
 70   0.4256985   2789.19 1.0753E+09  0.1097  0.1118 4.0968E-06
 71   0.4765128   2823.93 1.1519E+09  0.1077  0.1098 4.5102E-06
 72   0.5333927   2858.53 1.2211E+09  0.1071  0.1080 4.9677E-06
 73   0.5970622   2893.58 1.2822E+09  0.1071  0.1081 5.4718E-06
 74   0.6683317   2929.02 1.3344E+09  0.1069  0.1079 6.0280E-06
 75   0.7481085   2964.84 1.3778E+09  0.1067  0.1078 6.6428E-06
 76   0.8374079   3000.99 1.4133E+09  0.1063  0.1075 7.3243E-06
 77   0.9373668   3037.40 1.4420E+09  0.1058  0.1070 8.0867E-06
 78   1.0492575   3074.02 1.4654E+09  0.1050  0.1063 8.9169E-06
 79   1.1745042   3110.83 1.4846E+09  0.1043  0.1056 9.8063E-06
 80   1.3147012   3147.80 1.5004E+09  0.1035  0.1048 1.0786E-05
 81   1.4716331   3184.85 1.5129E+09  0.1027  0.1038 1.1867E-05
 82   1.6472975   3222.33 1.5231E+09  0.1033  0.1038 1.3060E-05
 83   1.8439304   3260.52 1.5319E+09  0.1040  0.1045 1.4379E-05
 84   2.0640349   3299.39 1.5396E+09  0.1046  0.1051 1.5843E-05
 85   2.3104125   3338.88 1.5463E+09  0.1049  0.1055 1.7466E-05
 86   2.5861995   3378.92 1.5522E+09  0.1051  0.1057 1.9269E-05
 87   2.8949063   3419.53 1.5572E+09  0.1053  0.1059 2.1278E-05
 88   3.2404625   3460.66 1.5616E+09  0.1053  0.1060 2.3404E-05
 89   3.6272668   3502.26 1.5655E+09  0.1052  0.1060 2.5693E-05
 90   4.1000000   3547.93 1.5685E+09  0.1049  0.1058 2.8455E-05
 91   4.5000000   3582.88 1.5875E+09  0.1053  0.1053 3.0763E-05
