2300.   178.00   0.28 0.0 0.100E+06  0.00  1.00  1.00  Teff, grav(MKS), Y, f_sed, kz_min, [Fe/H], C/O, f_hole
  1   0.0001778    999.75 3.7875E+05  0.0000  0.0000 5.0465E-09
  2   0.0001995   1004.95 3.9076E+05  0.2895  0.0450 5.6334E-09
  3   0.0002239   1010.95 4.0602E+05  0.2893  0.0516 6.2838E-09
  4   0.0002512   1017.41 4.2249E+05  0.2891  0.0553 7.0063E-09
  5   0.0002819   1024.24 4.1561E+05  0.2889  0.0581 7.8093E-09
  6   0.0003163   1031.38 4.0783E+05  0.2886  0.0603 8.7022E-09
  7   0.0003550   1038.78 4.0197E+05  0.2884  0.0620 9.6952E-09
  8   0.0003983   1046.40 3.9726E+05  0.2881  0.0635 1.0800E-08
  9   0.0004469   1054.24 3.9334E+05  0.2879  0.0648 1.2028E-08
 10   0.0005015   1062.27 3.8999E+05  0.2876  0.0659 1.3395E-08
 11   0.0005627   1070.50 3.8708E+05  0.2873  0.0670 1.4915E-08
 12   0.0006315   1078.94 3.8452E+05  0.2871  0.0681 1.6605E-08
 13   0.0007086   1087.57 3.8221E+05  0.2868  0.0692 1.8485E-08
 14   0.0007951   1096.42 3.8012E+05  0.2865  0.0703 2.0574E-08
 15   0.0008922   1105.49 3.7820E+05  0.2862  0.0715 2.2897E-08
 16   0.0010011   1114.76 3.7643E+05  0.2859  0.0725 2.5479E-08
 17   0.0011233   1124.24 3.7478E+05  0.2856  0.0735 2.8349E-08
 18   0.0012605   1133.92 3.7324E+05  0.2853  0.0744 3.1539E-08
 19   0.0014144   1143.79 3.7181E+05  0.2849  0.0753 3.5084E-08
 20   0.0015871   1153.86 3.7047E+05  0.2845  0.0761 3.9024E-08
 21   0.0017809   1164.11 3.6923E+05  0.2842  0.0767 4.3404E-08
 22   0.0019983   1174.51 3.6807E+05  0.2838  0.0772 4.8272E-08
 23   0.0022423   1185.06 3.6700E+05  0.2834  0.0776 5.3684E-08
 24   0.0025161   1195.72 3.6601E+05  0.2830  0.0778 5.9701E-08
 25   0.0028233   1206.49 3.6510E+05  0.2826  0.0778 6.6393E-08
 26   0.0031680   1217.27 3.6426E+05  0.2822  0.0772 7.3840E-08
 27   0.0035548   1228.07 3.6348E+05  0.2818  0.0767 8.2127E-08
 28   0.0039889   1238.94 3.6275E+05  0.2815  0.0765 9.1346E-08
 29   0.0044759   1249.92 3.6208E+05  0.2811  0.0766 1.0160E-07
 30   0.0050224   1261.05 3.6145E+05  0.2807  0.0769 1.1300E-07
 31   0.0056357   1272.37 3.6086E+05  0.2802  0.0776 1.2567E-07
 32   0.0063238   1283.93 3.6030E+05  0.2797  0.0785 1.3974E-07
 33   0.0070959   1295.80 3.5978E+05  0.2792  0.0798 1.5537E-07
 34   0.0079623   1308.00 3.5928E+05  0.2786  0.0814 1.7271E-07
 35   0.0089345   1320.57 3.5881E+05  0.2781  0.0831 1.9195E-07
 36   0.0100255   1333.54 3.5837E+05  0.2775  0.0848 2.1329E-07
 37   0.0112496   1346.95 3.5794E+05  0.2770  0.0869 2.3696E-07
 38   0.0126231   1360.97 3.5754E+05  0.2765  0.0899 2.6315E-07
 39   0.0141644   1375.73 3.5715E+05  0.2759  0.0936 2.9211E-07
 40   0.0158939   1391.34 3.5678E+05  0.2754  0.0979 3.2411E-07
 41   0.0178345   1407.89 3.5643E+05  0.2748  0.1026 3.5942E-07
 42   0.0200121   1425.63 3.5609E+05  0.2740  0.1087 3.9830E-07
 43   0.0224556   1444.66 3.5577E+05  0.2729  0.1151 4.4107E-07
 44   0.0251974   1465.01 3.5547E+05  0.2718  0.1215 4.8807E-07
 45   0.0282740   1486.75 3.5520E+05  0.2707  0.1279 5.3969E-07
 46   0.0317263   1510.01 3.5494E+05  0.2696  0.1347 5.9633E-07
 47   0.0356001   1535.42 3.5470E+05  0.2684  0.1449 6.5819E-07
 48   0.0399468   1563.19 3.5447E+05  0.2672  0.1556 7.2561E-07
 49   0.0448243   1593.36 3.5427E+05  0.2659  0.1659 7.9901E-07
 50   0.0502974   1625.43 3.5410E+05  0.2632  0.1730 8.7906E-07
 51   0.0564387   1658.73 3.5395E+05  0.2603  0.1761 9.6676E-07
 52   0.0633299   1693.49 3.5382E+05  0.2576  0.1800 1.0627E-06
 53   0.0710624   1730.22 3.5371E+05  0.2550  0.1863 1.1672E-06
 54   0.0797392   1769.36 3.5360E+05  0.2523  0.1942 1.2806E-06
 55   0.0894753   1810.75 3.5351E+05  0.2487  0.2007 1.4038E-06
 56   0.1004002   1853.71 3.5343E+05  0.2425  0.2035 1.5384E-06
 57   0.1126591   1900.48 1.0842E+06  0.2365  0.2163 1.6832E-06
 58   0.1264148   1952.44 4.2698E+06  0.2304  0.2341 1.8376E-06
 59   0.1418500   2004.43 1.0709E+07  0.2246  0.2281 2.0072E-06
 60   0.1591699   2056.35 2.1076E+07  0.2161  0.2220 2.1939E-06
 61   0.1786045   2107.26 3.5677E+07  0.2069  0.2123 2.4001E-06
 62   0.2004121   2157.25 5.4889E+07  0.1985  0.2035 2.6278E-06
 63   0.2248824   2206.44 7.9174E+07  0.1910  0.1957 2.8798E-06
 64   0.2523405   2254.96 1.0910E+08  0.1843  0.1888 3.1578E-06
 65   0.2831513   2302.76 1.4528E+08  0.1772  0.1821 3.4648E-06
 66   0.3177241   2349.66 1.8827E+08  0.1703  0.1750 3.8043E-06
 67   0.3565182   2395.67 2.3833E+08  0.1639  0.1683 4.1779E-06
 68   0.4000490   2440.84 2.9543E+08  0.1579  0.1621 4.5901E-06
 69   0.4488950   2485.19 3.5936E+08  0.1523  0.1563 5.0466E-06
 70   0.5037050   2528.79 4.2961E+08  0.1471  0.1510 5.5510E-06
 71   0.5652074   2571.88 5.0574E+08  0.1438  0.1467 6.1075E-06
 72   0.6342192   2614.75 5.8761E+08  0.1406  0.1435 6.7225E-06
 73   0.7116573   2657.35 6.7463E+08  0.1374  0.1403 7.4039E-06
 74   0.7985506   2699.64 7.6578E+08  0.1342  0.1371 8.1574E-06
 75   0.8960536   2741.59 8.5960E+08  0.1310  0.1338 8.9919E-06
 76   1.0054617   2783.16 9.5442E+08  0.1279  0.1306 9.9173E-06
 77   1.1282285   2824.35 1.0474E+09  0.1248  0.1275 1.0924E-05
 78   1.2659851   2865.27 1.1341E+09  0.1233  0.1249 1.2037E-05
 79   1.4205619   2906.53 1.2126E+09  0.1225  0.1241 1.3262E-05
 80   1.5940124   2948.06 1.2808E+09  0.1215  0.1232 1.4611E-05
 81   1.7886412   2989.82 1.3376E+09  0.1204  0.1221 1.6099E-05
 82   2.0070342   3031.76 1.3836E+09  0.1192  0.1209 1.7752E-05
 83   2.2520929   3073.83 1.4199E+09  0.1179  0.1196 1.9585E-05
 84   2.5270734   3115.97 1.4486E+09  0.1164  0.1182 2.1619E-05
 85   2.8356289   3158.14 1.4715E+09  0.1149  0.1167 2.3880E-05
 86   3.1818590   3200.32 1.4892E+09  0.1142  0.1152 2.6343E-05
 87   3.5703638   3243.14 1.5039E+09  0.1145  0.1154 2.9001E-05
 88   4.0063050   3286.60 1.5163E+09  0.1147  0.1156 3.1939E-05
 89   4.4954746   3330.68 1.5269E+09  0.1147  0.1156 3.5178E-05
 90   5.0443718   3375.35 1.5359E+09  0.1147  0.1156 3.8750E-05
 91   5.6602894   3420.54 1.5867E+09  0.1145  0.1155 4.2695E-05
