2400.    17.80   0.28 0.0 0.100E+06  0.00  1.00  1.00  Teff, grav(MKS), Y, f_sed, kz_min, [Fe/H], C/O, f_hole
  1   0.0001778   1436.54 8.6789E+06  0.0000  0.0000 3.5178E-09
  2   0.0001959   1442.11 8.9074E+06  0.2720  0.0399 3.8609E-09
  3   0.0002379   1456.34 9.2017E+06  0.2712  0.0506 4.6427E-09
  4   0.0002621   1464.48 9.4368E+06  0.2704  0.0576 5.0864E-09
  5   0.0002888   1473.29 9.2774E+06  0.2698  0.0618 5.5708E-09
  6   0.0003506   1492.07 9.1608E+06  0.2688  0.0653 6.6766E-09
  7   0.0003864   1502.44 9.0999E+06  0.2677  0.0712 7.3072E-09
  8   0.0004257   1513.43 9.0474E+06  0.2670  0.0752 7.9918E-09
  9   0.0004691   1525.07 9.0008E+06  0.2662  0.0790 8.7391E-09
 10   0.0005169   1537.33 8.9585E+06  0.2654  0.0825 9.5524E-09
 11   0.0005695   1550.20 8.9195E+06  0.2645  0.0860 1.0436E-08
 12   0.0006275   1563.70 8.8832E+06  0.2636  0.0894 1.1399E-08
 13   0.0006914   1577.79 8.8492E+06  0.2626  0.0926 1.2446E-08
 14   0.0007618   1592.49 8.8172E+06  0.2616  0.0956 1.3585E-08
 15   0.0008394   1607.73 8.7869E+06  0.2591  0.0982 1.4826E-08
 16   0.0009249   1623.65 8.7581E+06  0.2565  0.1016 1.6174E-08
 17   0.0010191   1640.30 8.7307E+06  0.2537  0.1052 1.7639E-08
 18   0.0011229   1659.00 8.6910E+06  0.2508  0.1168 1.9212E-08
 19   0.0013633   1694.60 8.6564E+06  0.2464  0.1094 2.2824E-08
 20   0.0015022   1713.64 8.6342E+06  0.2420  0.1152 2.4863E-08
 21   0.0016552   1731.63 8.6132E+06  0.2391  0.1077 2.7104E-08
 22   0.0018238   1749.57 8.5936E+06  0.2363  0.1062 2.9550E-08
 23   0.0020096   1767.47 8.5751E+06  0.2335  0.1049 3.2220E-08
 24   0.0022143   1785.45 8.5579E+06  0.2308  0.1044 3.5132E-08
 25   0.0024398   1803.89 8.5419E+06  0.2255  0.1059 3.8300E-08
 26   0.0026883   1823.08 8.5269E+06  0.2198  0.1091 4.1744E-08
 27   0.0029621   1842.95 8.5130E+06  0.2140  0.1118 4.5484E-08
 28   0.0032638   1863.57 8.4999E+06  0.2081  0.1147 4.9531E-08
 29   0.0035962   1885.21 8.4878E+06  0.2019  0.1191 5.3908E-08
 30   0.0039625   1907.84 8.4765E+06  0.1956  0.1230 5.8645E-08
 31   0.0043661   1935.43 9.0085E+06  0.1884  0.1481 6.3626E-08
 32   0.0048108   1970.39 1.1157E+07  0.1797  0.1846 6.8738E-08
 33   0.0053008   2004.09 1.5049E+07  0.1702  0.1748 7.4314E-08
 34   0.0058408   2036.55 2.0733E+07  0.1612  0.1656 8.0433E-08
 35   0.0064357   2067.78 2.8282E+07  0.1527  0.1569 8.7106E-08
 36   0.0070912   2097.80 3.7768E+07  0.1447  0.1486 9.4389E-08
 37   0.0078134   2126.64 4.9242E+07  0.1370  0.1408 1.0235E-07
 38   0.0086093   2154.33 6.2723E+07  0.1298  0.1333 1.1108E-07
 39   0.0094862   2180.88 7.8182E+07  0.1230  0.1263 1.2073E-07
 40   0.0104524   2206.33 9.5561E+07  0.1165  0.1196 1.3122E-07
 41   0.0115170   2231.17 1.1489E+08  0.1124  0.1154 1.4256E-07
 42   0.0126900   2255.43 1.4839E+08  0.1090  0.1115 1.5491E-07
 43   0.0154067   2304.37 1.8481E+08  0.1075  0.1107 1.8288E-07
 44   0.0169760   2328.45 2.1297E+08  0.1056  0.1072 1.9886E-07
 45   0.0187051   2352.50 2.4358E+08  0.1043  0.1059 2.1625E-07
 46   0.0206103   2376.47 2.7678E+08  0.1029  0.1045 2.3520E-07
 47   0.0227095   2400.33 3.1263E+08  0.1013  0.1030 2.5586E-07
 48   0.0250226   2424.03 3.5117E+08  0.0996  0.1013 2.7843E-07
 49   0.0275712   2447.56 3.9240E+08  0.0979  0.0996 3.0314E-07
 50   0.0303795   2470.90 4.3637E+08  0.0961  0.0979 3.3028E-07
 51   0.0334737   2494.02 4.8299E+08  0.0943  0.0960 3.5908E-07
 52   0.0368832   2516.89 5.3194E+08  0.0924  0.0941 3.9045E-07
 53   0.0406399   2539.60 5.8283E+08  0.0920  0.0926 4.2461E-07
 54   0.0447792   2562.58 6.3581E+08  0.0922  0.0929 4.6171E-07
 55   0.0493402   2585.80 6.9101E+08  0.0923  0.0930 5.0204E-07
 56   0.0543657   2609.25 7.4849E+08  0.0923  0.0931 5.4607E-07
 57   0.0599031   2632.87 8.0823E+08  0.0921  0.0929 5.9427E-07
 58   0.0660045   2656.64 8.7005E+08  0.0918  0.0927 6.4689E-07
 59   0.0727273   2680.57 9.3381E+08  0.0916  0.0924 7.0440E-07
 60   0.0801349   2704.62 9.9931E+08  0.0912  0.0921 7.6735E-07
 61   0.0882969   2728.75 1.0662E+09  0.0907  0.0916 8.3640E-07
 62   0.0972904   2752.93 1.1341E+09  0.0900  0.0910 9.1229E-07
 63   0.1071998   2777.13 1.2026E+09  0.0892  0.0902 9.9218E-07
 64   0.1181186   2801.36 1.2705E+09  0.0885  0.0895 1.0778E-06
 65   0.1301494   2825.57 1.3366E+09  0.0877  0.0887 1.1718E-06
 66   0.1434057   2849.86 1.3994E+09  0.0880  0.0883 1.2742E-06
 67   0.1580122   2874.53 1.4583E+09  0.0886  0.0888 1.3857E-06
 68   0.1741064   2899.56 1.5129E+09  0.0891  0.0894 1.5073E-06
 69   0.1918399   2924.97 1.5625E+09  0.0896  0.0899 1.6399E-06
 70   0.2113796   2950.71 1.6068E+09  0.0900  0.0904 1.7849E-06
 71   0.2329095   2976.77 1.6457E+09  0.0902  0.0906 1.9437E-06
 72   0.2566323   3003.10 1.6791E+09  0.0904  0.0908 2.1180E-06
 73   0.2827714   3029.72 1.7075E+09  0.0905  0.0910 2.3106E-06
 74   0.3115729   3056.60 1.7316E+09  0.0906  0.0911 2.5164E-06
 75   0.3433079   3083.72 1.7519E+09  0.0905  0.0911 2.7302E-06
 76   0.3782753   3111.03 1.7691E+09  0.0903  0.0909 2.9629E-06
 77   0.4168042   3138.50 1.7837E+09  0.0900  0.0906 3.2165E-06
 78   0.4592575   3166.15 1.7961E+09  0.0898  0.0904 3.4931E-06
 79   0.5060348   3194.01 1.8062E+09  0.0903  0.0903 3.7954E-06
 80   0.5575766   3222.40 1.8151E+09  0.0912  0.0912 4.1252E-06
 81   0.6143682   3251.29 1.8230E+09  0.0920  0.0920 4.4856E-06
 82   0.6769442   3280.68 1.8301E+09  0.0927  0.0928 4.8812E-06
 83   0.7458938   3310.58 1.8365E+09  0.0934  0.0935 5.3155E-06
 84   0.8218663   3340.96 1.8423E+09  0.0941  0.0942 5.7934E-06
 85   0.9055768   3371.80 1.8477E+09  0.0946  0.0947 6.3201E-06
 86   0.9978137   3403.05 1.8533E+09  0.0949  0.0951 6.9018E-06
 87   1.1502159   3449.64 1.8587E+09  0.0954  0.0957 7.7625E-06
 88   1.3003182   3490.54 1.8644E+09  0.0957  0.0961 8.5952E-06
 89   1.6000000   3561.15 1.8703E+09  0.0959  0.0966 1.0232E-05
 90   2.0000000   3639.25 1.8792E+09  0.0979  0.0972 1.2389E-05
 91   4.0000000   3904.62 1.8891E+09  0.1024  0.1015 2.2184E-05
