 250.  3160.00   0.28 0.0 0.100E+06  0.00  1.00  1.00  Teff, grav(MKS), Y, f_sed, kz_min, [Fe/H], C/O, f_hole
  1   0.0001778     87.37 3.3644E-02  0.0000  0.0000 5.7410E-08
  2   0.0002097     87.76 4.2983E-02  0.2939  0.0271 6.7407E-08
  3   0.0002474     88.46 5.3043E-02  0.2947  0.0482 7.8871E-08
  4   0.0002917     89.27 5.1865E-02  0.2958  0.0551 9.2179E-08
  5   0.0003441     90.35 4.8855E-02  0.2970  0.0733 1.0741E-07
  6   0.0004058     91.68 4.6093E-02  0.2985  0.0884 1.2485E-07
  7   0.0004786     93.18 4.3555E-02  0.3001  0.0985 1.4487E-07
  8   0.0005645     94.91 4.1236E-02  0.3020  0.1112 1.6776E-07
  9   0.0006658     96.68 3.9136E-02  0.3040  0.1121 1.9423E-07
 10   0.0007853     99.28 3.7237E-02  0.3064  0.1604 2.2310E-07
 11   0.0009261     98.96 3.4914E-02  0.3077 -0.0192 2.6396E-07
 12   0.0010923     98.31 3.1780E-02  0.3072 -0.0399 3.1338E-07
 13   0.0012883    101.07 3.0029E-02  0.3083  0.1677 3.5951E-07
 14   0.0015194    103.85 3.4349E-02  0.3106  0.1642 4.1269E-07
 15   0.0017920    104.25 4.2369E-02  0.3118  0.0236 4.8483E-07
 16   0.0021136    103.96 4.7924E-02  0.3118 -0.0172 5.7344E-07
 17   0.0024928    103.98 5.5343E-02  0.3117  0.0015 6.7617E-07
 18   0.0029400    105.80 9.0791E-02  0.3124  0.1050 7.8380E-07
 19   0.0034675    107.92 2.1029E-01  0.3139  0.1205 9.0623E-07
 20   0.0040897    109.91 5.0333E-01  0.3154  0.1104 1.0495E-06
 21   0.0048234    111.39 1.1533E+00  0.3167  0.0814 1.2213E-06
 22   0.0056888    113.69 2.3738E+00  0.3179  0.1238 1.4114E-06
 23   0.0067095    114.25 3.2431E+00  0.3185  0.0296 1.6565E-06
 24   0.0079133    106.11 3.2343E+00  0.3163 -0.4480 2.1034E-06
 25   0.0093331    106.83 3.0349E+00  0.3136  0.0408 2.4642E-06
 26   0.0110077    107.36 2.7725E+00  0.3141  0.0301 2.8919E-06
 27   0.0129826    108.73 2.4553E+00  0.3148  0.0768 3.3678E-06
 28   0.0153120    109.73 2.0592E+00  0.3157  0.0556 3.9358E-06
 29   0.0180592    110.65 1.5802E+00  0.3164  0.0506 4.6033E-06
 30   0.0212993    112.30 1.1739E+00  0.3173  0.0897 5.3495E-06
 31   0.0251208    114.22 1.0566E+00  0.3182  0.1025 6.2036E-06
 32   0.0296280    115.96 1.2626E+00  0.3190  0.0921 7.2063E-06
 33   0.0349438    117.62 1.6669E+00  0.3197  0.0861 8.3795E-06
 34   0.0412133    119.25 2.1520E+00  0.3203  0.0833 9.7481E-06
 35   0.0486077    120.74 2.6904E+00  0.3209  0.0751 1.1355E-05
 36   0.0573288    122.16 3.1050E+00  0.3215  0.0707 1.3238E-05
 37   0.0676147    123.64 3.1392E+00  0.3221  0.0733 1.5425E-05
 38   0.0797460    125.38 2.6940E+00  0.3227  0.0844 1.7942E-05
 39   0.0940538    127.42 1.9489E+00  0.3233  0.0979 2.0823E-05
 40   0.1109288    130.01 1.2586E+00  0.3235  0.1219 2.4072E-05
 41   0.1308314    132.66 7.8436E-01  0.3238  0.1221 2.7826E-05
 42   0.1543050    135.33 5.7679E-01  0.3241  0.1210 3.2174E-05
 43   0.1819901    138.30 6.2232E-01  0.3245  0.1318 3.7138E-05
 44   0.2146424    143.07 7.0362E-01  0.3249  0.2055 4.2350E-05
 45   0.2531531    148.33 7.6731E-01  0.3246  0.2186 4.8178E-05
 46   0.2985734    152.95 8.1622E-01  0.3242  0.1860 5.5104E-05
 47   0.3521429    157.13 8.5303E-01  0.3239  0.1632 6.3264E-05
 48   0.4153237    160.85 8.9585E-01  0.3235  0.1416 7.2890E-05
 49   0.4898403    164.15 9.4673E-01  0.3229  0.1231 8.4240E-05
 50   0.5777265    167.13 1.0138E+00  0.3223  0.1093 9.7578E-05
 51   0.6813811    169.92 1.1057E+00  0.3218  0.1001 1.1320E-04
 52   0.8036333    172.63 1.2350E+00  0.3213  0.0961 1.3141E-04
 53   0.9478197    175.43 1.4193E+00  0.3208  0.0973 1.5252E-04
 54   1.1178757    178.43 1.6824E+00  0.3203  0.1028 1.7686E-04
 55   1.3184429    181.77 2.0461E+00  0.3196  0.1125 2.0476E-04
 56   1.5549954    185.65 2.5427E+00  0.3188  0.1280 2.3646E-04
 57   1.8339898    190.20 3.2643E+00  0.3179  0.1467 2.7222E-04
 58   2.1630409    195.59 4.3326E+00  0.3168  0.1692 3.1226E-04
 59   2.5511296    201.99 6.2648E+00  0.3156  0.1952 3.5668E-04
 60   3.0088486    210.00 6.5788E+02  0.3141  0.2355 4.0475E-04
 61   3.5486906    221.14 5.4171E+03  0.3123  0.3133 4.5332E-04
 62   4.1853900    232.79 1.5108E+04  0.3102  0.3112 5.0797E-04
 63   4.9363249    244.98 2.9069E+04  0.3083  0.3093 5.6953E-04
 64   5.8219911    257.73 4.3980E+04  0.3065  0.3074 6.3926E-04
 65   6.8665619    271.07 5.5867E+04  0.3051  0.3058 7.1844E-04
 66   8.0985477    285.03 6.1635E+04  0.3036  0.3044 8.0707E-04
 67   9.5515740    299.65 6.3916E+04  0.3026  0.3031 9.0530E-04
 68  11.2652997    314.97 6.3280E+04  0.3016  0.3021 1.0158E-03
 69  13.2864988    331.01 6.0201E+04  0.3008  0.3011 1.1400E-03
 70  15.6703376    347.84 5.4754E+04  0.3002  0.3005 1.2795E-03
 71  18.4818804    365.49 4.6934E+04  0.2997  0.2999 1.4361E-03
 72  21.7978650    384.01 3.7047E+04  0.2993  0.2995 1.6121E-03
 73  25.7087973    403.45 2.5808E+04  0.2990  0.2992 1.8098E-03
 74  30.3214218    423.85 1.4299E+04  0.2988  0.2989 2.0318E-03
 75  35.7616349    445.26 5.0737E+03  0.2986  0.2987 2.2810E-03
 76  42.1779208    467.75 9.8364E+02  0.2984  0.2985 2.5610E-03
 77  49.7454048    491.35 1.6866E+03  0.2983  0.2984 2.8753E-03
 78  58.6706327    516.14 8.5269E+03  0.2982  0.2982 3.2284E-03
 79  69.1972083    542.16 2.0330E+04  0.2980  0.2981 3.6249E-03
 80  81.6124425    569.48 3.5073E+04  0.2978  0.2979 4.0701E-03
 81  96.2551950    598.16 5.1041E+04  0.2976  0.2977 4.5702E-03
 82 113.5251228    628.26 6.6330E+04  0.2974  0.2975 5.1320E-03
 83 133.8935889    659.85 8.1206E+04  0.2971  0.2973 5.7630E-03
 84 157.9165272    692.98 9.4867E+04  0.2967  0.2969 6.4720E-03
 85 186.2496164    727.73 1.0717E+05  0.2963  0.2965 7.2686E-03
 86 219.6661757    764.16 1.1747E+05  0.2957  0.2960 8.1641E-03
 87 259.0782718    802.33 1.2613E+05  0.2951  0.2954 9.1708E-03
 88 305.5616128    842.31 1.4098E+05  0.2942  0.2947 1.0303E-02
 89 360.3849082    884.15 1.5059E+05  0.2933  0.2938 1.1576E-02
 90 425.0444972    927.92 1.5141E+05  0.2922  0.2928 1.3009E-02
 91 501.3051893    973.67 2.2138E+05  0.2909  0.2916 1.4623E-02
