 250.    17.80   0.28 0.0 0.100E+06  0.00  1.00  1.00  Teff, grav(MKS), Y, f_sed, kz_min, [Fe/H], C/O, f_hole
  1   0.0001778     82.53 2.1633E+00  0.0000  0.0000 6.0765E-08
  2   0.0002113     83.76 2.6665E+00  0.2873  0.0860 7.1149E-08
  3   0.0002512     85.63 3.2212E+00  0.2897  0.1272 8.2743E-08
  4   0.0002985     87.47 3.2111E+00  0.2924  0.1231 9.6257E-08
  5   0.0003347     89.07 3.1328E+00  0.2950  0.1584 1.0599E-07
  6   0.0003716     91.12 3.0304E+00  0.2974  0.2178 1.1503E-07
  7   0.0004475     93.40 2.9254E+00  0.2999  0.1332 1.3513E-07
  8   0.0005010     96.15 2.8167E+00  0.3028  0.2566 1.4697E-07
  9   0.0005954     98.86 2.6650E+00  0.3059  0.1612 1.6986E-07
 10   0.0007076    100.69 2.5232E+00  0.3084  0.1060 1.9822E-07
 11   0.0008410    103.15 2.4635E+00  0.3102  0.1402 2.2995E-07
 12   0.0009994    102.30 2.0247E+00  0.3108 -0.0481 2.7554E-07
 13   0.0011878    100.60 1.2430E+00  0.3098 -0.0971 3.3301E-07
 14   0.0013116     99.73 2.2704E-01  0.3088 -0.0878 3.7094E-07
 15   0.0015005    102.88 0.0000E+00  0.3097  0.2309 4.1138E-07
 16   0.0016776    105.27 0.0000E+00  0.3118  0.2059 4.4950E-07
 17   0.0019937    108.25 6.8308E-01  0.3138  0.1619 5.1949E-07
 18   0.0023694    110.76 3.4033E+00  0.3159  0.1329 6.0340E-07
 19   0.0028159    112.88 7.7293E+00  0.3175  0.1098 7.0368E-07
 20   0.0033465    114.30 1.0754E+01  0.3184  0.0726 8.2590E-07
 21   0.0039771    115.40 9.3499E+00  0.3189  0.0551 9.7226E-07
 22   0.0047265    118.03 6.1930E+00  0.3196  0.1306 1.1299E-06
 23   0.0056172    123.35 4.2821E+00  0.3212  0.2552 1.2853E-06
 24   0.0066756    129.23 3.2240E+00  0.3232  0.2701 1.4581E-06
 25   0.0079336    135.04 2.6296E+00  0.3239  0.2546 1.6585E-06
 26   0.0094285    140.16 2.2550E+00  0.3246  0.2156 1.8989E-06
 27   0.0112052    144.66 1.9817E+00  0.3249  0.1828 2.1866E-06
 28   0.0133167    148.84 1.7714E+00  0.3245  0.1653 2.5256E-06
 29   0.0158260    152.98 1.6165E+00  0.3242  0.1588 2.9203E-06
 30   0.0188082    157.14 1.5188E+00  0.3239  0.1555 3.3787E-06
 31   0.0223523    161.27 1.4826E+00  0.3235  0.1501 3.9128E-06
 32   0.0265643    165.35 1.5060E+00  0.3227  0.1446 4.5357E-06
 33   0.0315700    169.17 1.6050E+00  0.3220  0.1326 5.2688E-06
 34   0.0375189    172.59 1.8004E+00  0.3213  0.1158 6.1383E-06
 35   0.0445889    175.77 2.1096E+00  0.3208  0.1059 7.1635E-06
 36   0.0529910    179.12 2.5355E+00  0.3202  0.1091 8.3555E-06
 37   0.0629764    182.94 3.1272E+00  0.3194  0.1224 9.7234E-06
 38   0.0748435    187.29 4.0710E+00  0.3185  0.1361 1.1288E-05
 39   0.0889467    192.30 5.3486E+00  0.3175  0.1529 1.3066E-05
 40   0.1057074    197.83 9.1645E+00  0.3164  0.1643 1.5095E-05
 41   0.1256265    206.05 1.7764E+03  0.3150  0.2356 1.7226E-05
 42   0.1492991    217.53 8.6293E+03  0.3130  0.3141 1.9404E-05
 43   0.1774324    229.56 1.7052E+04  0.3108  0.3119 2.1899E-05
 44   0.2008671    238.56 2.4565E+04  0.3091  0.3098 2.3908E-05
 45   0.2243120    246.82 2.9937E+04  0.3077  0.3084 2.5817E-05
 46   0.2406020    252.19 3.7462E+04  0.3067  0.3071 2.7097E-05
 47   0.2836057    265.22 4.7090E+04  0.3057  0.3064 3.0371E-05
 48   0.3208245    275.38 5.5416E+04  0.3044  0.3050 3.3089E-05
 49   0.3539454    283.73 6.6028E+04  0.3035  0.3039 3.5431E-05
 50   0.4206415    298.97 7.7900E+04  0.3026  0.3031 3.9959E-05
 51   0.4999055    314.98 8.7158E+04  0.3016  0.3021 4.5075E-05
 52   0.5941057    331.79 9.2967E+04  0.3008  0.3011 5.0854E-05
 53   0.7060567    349.46 9.5553E+04  0.3002  0.3005 5.7382E-05
 54   0.8391032    368.03 9.5759E+04  0.2996  0.2999 6.4754E-05
 55   0.9972205    387.56 9.5148E+04  0.2993  0.2995 7.3078E-05
 56   1.1058796    399.73 9.4726E+04  0.2990  0.2991 7.8572E-05
 57   1.1851328    408.09 9.4102E+04  0.2989  0.2989 8.2479E-05
 58   1.4084546    429.70 9.5165E+04  0.2987  0.2988 9.3092E-05
 59   1.6738583    452.43 9.9640E+04  0.2985  0.2986 1.0507E-04
 60   1.9892735    476.35 1.0596E+05  0.2984  0.2985 1.1860E-04
 61   2.2081467    491.42 1.1248E+05  0.2983  0.2983 1.2762E-04
 62   2.4641244    507.76 1.2030E+05  0.2982  0.2982 1.3783E-04
 63   2.7720905    525.90 1.2755E+05  0.2981  0.2981 1.4970E-04
 64   3.0096107    538.95 1.3441E+05  0.2980  0.2980 1.5860E-04
 65   3.3390427    555.89 1.4327E+05  0.2979  0.2979 1.7059E-04
 66   3.9682388    585.22 1.5272E+05  0.2977  0.2978 1.9258E-04
 67   4.7159981    616.07 1.6048E+05  0.2975  0.2976 2.1741E-04
 68   5.6046623    648.52 1.6670E+05  0.2972  0.2974 2.4544E-04
 69   6.6607828    682.65 1.7175E+05  0.2968  0.2970 2.7710E-04
 70   7.9159146    718.52 1.7565E+05  0.2964  0.2966 3.1288E-04
 71   9.4075584    756.21 1.7814E+05  0.2958  0.2962 3.5331E-04
 72  11.1802817    795.79 1.7871E+05  0.2952  0.2955 3.9899E-04
 73  13.2870500    837.34 1.7856E+05  0.2944  0.2948 4.5063E-04
 74  15.7908095    880.92 1.7836E+05  0.2934  0.2939 5.0904E-04
 75  18.7663676    926.61 1.7588E+05  0.2923  0.2929 5.7513E-04
 76  22.3026281    974.45 1.7255E+05  0.2909  0.2916 6.4995E-04
 77  26.5052477   1024.53 1.6964E+05  0.2896  0.2903 7.3469E-04
 78  31.4997924   1076.89 1.6612E+05  0.2879  0.2887 8.3070E-04
 79  37.4354894   1131.60 1.6183E+05  0.2861  0.2870 9.3949E-04
 80  44.4896859   1188.71 1.5760E+05  0.2842  0.2852 1.0629E-03
 81  52.8731474   1248.26 1.5306E+05  0.2821  0.2832 1.2029E-03
 82  62.8363554   1310.33 1.4890E+05  0.2800  0.2811 1.3618E-03
 83  74.6769912   1374.95 1.4551E+05  0.2777  0.2788 1.5423E-03
 84  88.7488299   1442.18 1.4330E+05  0.2754  0.2765 1.7475E-03
 85 105.4723105   1512.09 1.4179E+05  0.2729  0.2742 1.9808E-03
 86 125.3470981   1584.71 1.4134E+05  0.2705  0.2717 2.2459E-03
 87 148.9670125   1660.12 1.4266E+05  0.2680  0.2693 2.5475E-03
 88 177.0377708   1738.36 1.4861E+05  0.2655  0.2667 2.8909E-03
 89 210.3980724   1819.49 1.5953E+05  0.2630  0.2642 3.2825E-03
 90 250.0446581   1903.56 1.6906E+05  0.2602  0.2616 3.7294E-03
 91 300.0025047   1995.50 2.2137E+05  0.2575  0.2590 4.2703E-03
