 250.    56.20   0.28 0.0 0.100E+06  0.00  1.00  1.00  Teff, grav(MKS), Y, f_sed, kz_min, [Fe/H], C/O, f_hole
  1   0.0001778     82.30 7.6116E-01  0.0000  0.0000 6.0933E-08
  2   0.0002113     83.22 9.4076E-01  0.2867  0.0642 7.1615E-08
  3   0.0002512     84.67 1.1444E+00  0.2885  0.0999 8.3679E-08
  4   0.0002985     86.30 1.1352E+00  0.2909  0.1103 9.7561E-08
  5   0.0003547     88.29 1.1025E+00  0.2935  0.1323 1.1331E-07
  6   0.0004216     90.59 1.0732E+00  0.2966  0.1492 1.3126E-07
  7   0.0005010     93.19 1.0434E+00  0.2995  0.1639 1.5163E-07
  8   0.0005954     96.02 1.0113E+00  0.3027  0.1733 1.7489E-07
  9   0.0007076     99.46 9.7522E-01  0.3062  0.2038 2.0066E-07
 10   0.0008410    101.42 9.6767E-01  0.3090  0.1128 2.3388E-07
 11   0.0009994    102.87 1.1064E+00  0.3103  0.0822 2.7402E-07
 12   0.0011878    104.59 1.5496E+00  0.3116  0.0964 3.2031E-07
 13   0.0014116    105.78 2.4733E+00  0.3127  0.0655 3.7638E-07
 14   0.0016776    107.66 3.1831E+00  0.3138  0.1019 4.3952E-07
 15   0.0019937    103.25 2.6230E+00  0.3129 -0.2422 5.4461E-07
 16   0.0023694    102.96 1.4236E+00  0.3111 -0.0162 6.4905E-07
 17   0.0028159    106.00 5.6543E-01  0.3121  0.1685 7.4925E-07
 18   0.0033465    108.62 6.6255E-01  0.3143  0.1411 8.6902E-07
 19   0.0039771    110.67 1.6828E+00  0.3160  0.1086 1.0136E-06
 20   0.0047265    112.85 3.2589E+00  0.3175  0.1129 1.1814E-06
 21   0.0059172    113.91 4.2602E+00  0.3183  0.0415 1.4653E-06
 22   0.0079336    117.78 3.5608E+00  0.3193  0.1141 1.9002E-06
 23   0.0094285    121.14 2.8292E+00  0.3207  0.1627 2.1960E-06
 24   0.0112052    125.21 2.5256E+00  0.3222  0.1913 2.5256E-06
 25   0.0133167    130.42 2.2620E+00  0.3234  0.2365 2.8823E-06
 26   0.0158260    136.64 2.0484E+00  0.3241  0.2696 3.2697E-06
 27   0.0188082    141.85 1.9448E+00  0.3247  0.2170 3.7428E-06
 28   0.0223523    146.43 1.8935E+00  0.3247  0.1839 4.3091E-06
 29   0.0265643    150.80 1.8670E+00  0.3244  0.1703 4.9726E-06
 30   0.0315700    155.07 1.8693E+00  0.3240  0.1619 5.7469E-06
 31   0.0375189    159.27 1.9049E+00  0.3237  0.1547 6.6499E-06
 32   0.0445889    163.39 1.9778E+00  0.3231  0.1480 7.7038E-06
 33   0.0529910    167.31 2.1111E+00  0.3223  0.1374 8.9411E-06
 34   0.0629764    170.85 2.3551E+00  0.3217  0.1213 1.0406E-05
 35   0.0748435    174.05 2.7428E+00  0.3211  0.1072 1.2141E-05
 36   0.0889467    177.15 3.3082E+00  0.3205  0.1024 1.4178E-05
 37   0.1057074    180.56 4.0714E+00  0.3199  0.1105 1.6533E-05
 38   0.1256265    184.42 5.1353E+00  0.3191  0.1226 1.9239E-05
 39   0.1492991    188.80 6.7073E+00  0.3182  0.1360 2.2337E-05
 40   0.1774324    193.91 8.9619E+00  0.3172  0.1545 2.5850E-05
 41   0.2108671    199.64 1.4878E+01  0.3160  0.1689 2.9838E-05
 42   0.2506020    208.01 1.7399E+03  0.3146  0.2378 3.4037E-05
 43   0.2978245    219.58 6.6899E+03  0.3126  0.3137 3.8334E-05
 44   0.3339454    227.56 1.3321E+04  0.3107  0.3115 4.1511E-05
 45   0.3706415    235.03 2.1872E+04  0.3095  0.3101 4.4673E-05
 46   0.4166756    243.69 2.8764E+04  0.3082  0.3089 4.8529E-05
 47   0.4500785    249.54 3.5964E+04  0.3072  0.3076 5.1220E-05
 48   0.5099055    259.27 4.5345E+04  0.3061  0.3067 5.5858E-05
 49   0.5941057    271.67 5.6777E+04  0.3049  0.3056 6.2111E-05
 50   0.7060567    286.33 6.8634E+04  0.3036  0.3043 7.0038E-05
 51   0.8391032    301.70 7.8650E+04  0.3025  0.3030 7.8990E-05
 52   0.9972205    317.84 8.5460E+04  0.3015  0.3020 8.9106E-05
 53   1.1851328    334.80 8.8771E+04  0.3007  0.3010 1.0053E-04
 54   1.4084546    352.62 8.9119E+04  0.3001  0.3004 1.1344E-04
 55   1.6738583    371.35 8.7335E+04  0.2996  0.2998 1.2802E-04
 56   1.9892735    391.05 8.4576E+04  0.2992  0.2994 1.4448E-04
 57   2.3641244    411.77 8.2251E+04  0.2989  0.2991 1.6306E-04
 58   2.8096107    433.57 8.1884E+04  0.2987  0.2988 1.8404E-04
 59   3.2390427    452.38 8.4640E+04  0.2985  0.2986 2.0335E-04
 60   4.0682388    484.22 9.1273E+04  0.2984  0.2985 2.3861E-04
 61   4.5936057    502.09 9.6674E+04  0.2982  0.2983 2.5984E-04
 62   4.9159981    512.35 1.0295E+05  0.2981  0.2982 2.7251E-04
 63   5.5046623    529.91 1.1364E+05  0.2980  0.2981 2.9502E-04
 64   6.6607828    560.89 1.2585E+05  0.2979  0.2980 3.3727E-04
 65   7.9159146    590.48 1.3627E+05  0.2977  0.2978 3.8074E-04
 66   9.4075584    621.61 1.4498E+05  0.2974  0.2976 4.2982E-04
 67  11.1802817    654.35 1.5173E+05  0.2972  0.2973 4.8526E-04
 68  13.2870500    688.77 1.5722E+05  0.2968  0.2970 5.4788E-04
 69  15.7908095    724.95 1.6139E+05  0.2964  0.2966 6.1861E-04
 70  18.7663676    762.96 1.6432E+05  0.2957  0.2960 6.9854E-04
 71  22.3026281    802.88 1.6590E+05  0.2951  0.2954 7.8889E-04
 72  26.5052477    844.78 1.6863E+05  0.2942  0.2947 8.9105E-04
 73  31.4997924    888.72 1.6834E+05  0.2932  0.2937 1.0066E-03
 74  37.4354894    934.78 1.6571E+05  0.2921  0.2927 1.1373E-03
 75  44.4896859    983.01 1.6220E+05  0.2907  0.2914 1.2853E-03
 76  52.8731474   1033.49 1.5864E+05  0.2893  0.2900 1.4528E-03
 77  62.8363554   1086.25 1.5504E+05  0.2876  0.2884 1.6427E-03
 78  72.6769912   1132.52 1.5191E+05  0.2860  0.2867 1.8224E-03
 79  82.7488299   1175.22 1.4923E+05  0.2844  0.2852 1.9996E-03
 80  92.4723105   1212.85 1.4658E+05  0.2830  0.2836 2.1653E-03
 81 100.4862575   1241.64 1.4361E+05  0.2818  0.2823 2.2984E-03
 82 110.7843120   1276.19 1.4028E+05  0.2807  0.2813 2.4653E-03
 83 125.3470981   1321.11 1.3638E+05  0.2793  0.2801 2.6945E-03
 84 148.9670125   1386.17 1.3264E+05  0.2773  0.2784 3.0519E-03
 85 177.0377708   1453.85 1.3046E+05  0.2750  0.2761 3.4580E-03
 86 200.3980724   1504.03 1.2917E+05  0.2729  0.2738 3.7837E-03
 87 220.0446581   1542.78 1.2827E+05  0.2714  0.2720 4.0502E-03
 88 240.1620905   1579.75 1.2759E+05  0.2701  0.2707 4.3171E-03
 89 270.1581467   1630.66 1.2815E+05  0.2686  0.2695 4.7047E-03
 90 300.7058796   1678.11 1.2972E+05  0.2670  0.2678 5.0889E-03
 91 350.0025047   1747.32 2.2133E+05  0.2651  0.2662 5.6895E-03
