 250.    10.00   0.28 0.0 0.100E+06  0.00  1.00  1.00  Teff, grav(MKS), Y, f_sed, kz_min, [Fe/H], C/O, f_hole
  1   0.0001778     83.99 3.7082E+00  0.0000  0.0000 5.9706E-08
  2   0.0002113     85.46 4.5233E+00  0.2897  0.1004 6.9735E-08
  3   0.0002512     87.53 5.5800E+00  0.2924  0.1379 8.0949E-08
  4   0.0002985     89.82 6.7474E+00  0.2955  0.1498 9.3737E-08
  5   0.0003547     92.50 6.6207E+00  0.2986  0.1708 1.0815E-07
  6   0.0004216     95.53 6.3008E+00  0.3020  0.1865 1.2447E-07
  7   0.0005010     98.65 5.9762E+00  0.3055  0.1861 1.4324E-07
  8   0.0005954    100.66 5.6600E+00  0.3083  0.1169 1.6683E-07
  9   0.0007076    103.12 5.5150E+00  0.3101  0.1396 1.9355E-07
 10   0.0008410    103.19 4.9272E+00  0.3111  0.0040 2.2988E-07
 11   0.0009994     99.97 3.3458E+00  0.3099 -0.1839 2.8198E-07
 12   0.0011878    101.41 1.7646E+00  0.3092  0.0832 3.3035E-07
 13   0.0013116    103.69 7.6106E-01  0.3107  0.2242 3.5676E-07
 14   0.0015005    106.86 8.0579E-01  0.3127  0.2238 3.9605E-07
 15   0.0016776    108.84 2.6907E+00  0.3146  0.1642 4.3477E-07
 16   0.0019937    111.80 7.1005E+00  0.3164  0.1557 5.0302E-07
 17   0.0023694    113.81 1.2363E+01  0.3180  0.1032 5.8731E-07
 18   0.0028159    114.82 1.2944E+01  0.3187  0.0513 6.9186E-07
 19   0.0033465    116.33 9.1777E+00  0.3192  0.0753 8.1167E-07
 20   0.0039771    122.05 6.5520E+00  0.3206  0.2782 9.1977E-07
 21   0.0047265    128.63 5.1386E+00  0.3230  0.3040 1.0373E-06
 22   0.0056172    134.32 4.3682E+00  0.3239  0.2510 1.1805E-06
 23   0.0066756    139.28 3.8717E+00  0.3245  0.2099 1.3530E-06
 24   0.0079336    143.69 3.4943E+00  0.3249  0.1808 1.5586E-06
 25   0.0094285    147.81 3.1919E+00  0.3246  0.1638 1.8006E-06
 26   0.0112052    151.87 2.9550E+00  0.3243  0.1567 2.0828E-06
 27   0.0133167    155.98 2.7848E+00  0.3240  0.1546 2.4101E-06
 28   0.0158260    160.08 2.6863E+00  0.3237  0.1504 2.7909E-06
 29   0.0188082    164.17 2.6501E+00  0.3229  0.1461 3.2345E-06
 30   0.0223523    168.10 2.6702E+00  0.3222  0.1372 3.7543E-06
 31   0.0265643    171.66 2.7491E+00  0.3215  0.1214 4.3697E-06
 32   0.0315700    174.93 2.8908E+00  0.3209  0.1092 5.0966E-06
 33   0.0375189    178.28 3.0945E+00  0.3203  0.1097 5.9440E-06
 34   0.0445889    182.09 3.3840E+00  0.3196  0.1224 6.9171E-06
 35   0.0529910    186.40 3.8587E+00  0.3187  0.1357 8.0305E-06
 36   0.0629764    191.33 4.4859E+00  0.3177  0.1513 9.2980E-06
 37   0.0748435    196.72 6.4949E+00  0.3166  0.1607 1.0748E-05
 38   0.0889467    204.83 1.7559E+03  0.3152  0.2342 1.2269E-05
 39   0.1057074    216.26 8.4636E+03  0.3132  0.3144 1.3822E-05
 40   0.1256265    228.23 1.8042E+04  0.3110  0.3121 1.5607E-05
 41   0.1492991    240.78 2.7391E+04  0.3090  0.3100 1.7612E-05
 42   0.1774324    253.93 3.7747E+04  0.3071  0.3080 1.9846E-05
 43   0.2108671    267.71 5.0161E+04  0.3054  0.3062 2.2371E-05
 44   0.2506020    282.17 6.3907E+04  0.3040  0.3047 2.5224E-05
 45   0.2978245    297.34 7.6931E+04  0.3027  0.3032 2.8448E-05
 46   0.3539454    313.26 8.7372E+04  0.3017  0.3022 3.2089E-05
 47   0.4206415    329.99 9.4338E+04  0.3009  0.3012 3.6203E-05
 48   0.4999055    347.56 9.7962E+04  0.3003  0.3006 4.0849E-05
 49   0.5941057    366.03 9.9102E+04  0.2997  0.3000 4.6097E-05
 50   0.7060567    385.46 9.9040E+04  0.2993  0.2995 5.2023E-05
 51   0.8391032    405.89 9.9269E+04  0.2990  0.2992 5.8714E-05
 52   0.9972205    427.38 1.0113E+05  0.2988  0.2989 6.6268E-05
 53   1.1851328    450.00 1.0604E+05  0.2986  0.2987 7.4798E-05
 54   1.4084546    473.79 1.1463E+05  0.2984  0.2985 8.4428E-05
 55   1.6738583    498.83 1.2580E+05  0.2983  0.2983 9.5300E-05
 56   1.9892735    525.18 1.3811E+05  0.2981  0.2982 1.0758E-04
 57   2.3641244    552.91 1.4966E+05  0.2979  0.2980 1.2144E-04
 58   2.8096107    582.09 1.5953E+05  0.2978  0.2979 1.3708E-04
 59   3.3390427    612.78 1.6691E+05  0.2975  0.2976 1.5476E-04
 60   3.9682388    645.06 1.7261E+05  0.2973  0.2974 1.7471E-04
 61   4.7159981    679.00 1.7707E+05  0.2969  0.2971 1.9724E-04
 62   5.6046623    714.69 1.8050E+05  0.2965  0.2967 2.2270E-04
 63   6.6607828    752.19 1.8281E+05  0.2959  0.2962 2.5147E-04
 64   7.9159146    791.56 1.8391E+05  0.2952  0.2956 2.8399E-04
 65   9.4075584    832.91 1.8360E+05  0.2945  0.2949 3.2076E-04
 66  11.1802817    876.27 1.8313E+05  0.2935  0.2940 3.6233E-04
 67  13.2870500    921.74 1.8059E+05  0.2924  0.2930 4.0936E-04
 68  15.7908095    969.35 1.7740E+05  0.2911  0.2918 4.6259E-04
 69  18.7663676   1019.19 1.7458E+05  0.2897  0.2904 5.2288E-04
 70  22.3026281   1071.32 1.7167E+05  0.2880  0.2889 5.9120E-04
 71  26.5052477   1125.77 1.6788E+05  0.2863  0.2872 6.6863E-04
 72  31.4997924   1182.64 1.6384E+05  0.2844  0.2854 7.5642E-04
 73  37.4354894   1241.93 1.5984E+05  0.2823  0.2834 8.5602E-04
 74  44.4896859   1303.73 1.5612E+05  0.2802  0.2813 9.6906E-04
 75  52.8731474   1368.08 1.5292E+05  0.2779  0.2791 1.0974E-03
 76  62.8363554   1435.04 1.5055E+05  0.2756  0.2768 1.2433E-03
 77  74.6769912   1504.66 1.4880E+05  0.2732  0.2744 1.4091E-03
 78  88.7488299   1577.00 1.4839E+05  0.2707  0.2720 1.5978E-03
 79 105.4723105   1652.11 1.4988E+05  0.2683  0.2695 1.8126E-03
 80 125.3470981   1730.04 1.5466E+05  0.2657  0.2670 2.0567E-03
 81 148.9670125   1810.86 1.6463E+05  0.2632  0.2644 2.3348E-03
 82 177.0377708   1894.59 1.7343E+05  0.2604  0.2618 2.6521E-03
 83 210.3980724   1981.27 1.8338E+05  0.2578  0.2591 3.0147E-03
 84 250.0446581   2070.98 1.9275E+05  0.2549  0.2565 3.4283E-03
 85 297.1620905   2163.62 2.0143E+05  0.2519  0.2535 3.9019E-03
 86 353.1581467   2259.25 2.0804E+05  0.2490  0.2505 4.4422E-03
 87 419.7058796   2357.90 2.1285E+05  0.2456  0.2475 5.0609E-03
 88 498.7936057   2459.34 2.1503E+05  0.2421  0.2440 5.7714E-03
 89 592.7843120   2563.70 2.1612E+05  0.2389  0.2407 6.5808E-03
 90 704.4862575   2670.81 2.1695E+05  0.2347  0.2371 7.5089E-03
 91 800.0025047   2751.13 2.2140E+05  0.2314  0.2330 8.2809E-03
