 275.   316.00   0.28 0.0 0.100E+06  0.00  1.00  1.00  Teff, grav(MKS), Y, f_sed, kz_min, [Fe/H], C/O, f_hole
  1   0.0001778     79.50 1.4576E-01  0.0000  0.0000 6.3085E-08
  2   0.0002113     80.44 1.7872E-01  0.2823  0.0686 7.4088E-08
  3   0.0002512     82.07 2.1935E-01  0.2843  0.1155 8.6335E-08
  4   0.0002985     83.86 2.0823E-01  0.2870  0.1252 1.0040E-07
  5   0.0003547     86.10 1.9339E-01  0.2901  0.1527 1.1620E-07
  6   0.0004216     88.65 1.7981E-01  0.2937  0.1690 1.3414E-07
  7   0.0005010     91.68 1.6546E-01  0.2975  0.1951 1.5412E-07
  8   0.0005954     94.42 1.4933E-01  0.3009  0.1703 1.7786E-07
  9   0.0007076     99.10 1.3076E-01  0.3051  0.2800 2.0140E-07
 10   0.0008410     97.26 1.0009E-01  0.3067 -0.1083 2.4389E-07
 11   0.0009994    101.35 6.6170E-02  0.3079  0.2389 2.7812E-07
 12   0.0011878    102.16 8.4755E-03  0.3100  0.0457 3.2795E-07
 13   0.0014116     97.91 0.0000E+00  0.3087 -0.2460 4.0664E-07
 14   0.0016776    102.30 0.0000E+00  0.3087  0.2539 4.6254E-07
 15   0.0019937    107.02 6.0226E-01  0.3123  0.2617 5.2543E-07
 16   0.0023694    113.24 6.1394E+00  0.3163  0.3272 5.9023E-07
 17   0.0028159    118.73 1.0577E+01  0.3193  0.2742 6.6936E-07
 18   0.0033465    101.73 9.8606E+00  0.3164 -0.8955 9.2785E-07
 19   0.0039771    103.54 8.7087E+00  0.3107  0.1025 1.0834E-06
 20   0.0047265    106.19 7.3433E+00  0.3124  0.1462 1.2554E-06
 21   0.0056172    111.88 7.4369E+00  0.3155  0.3024 1.4161E-06
 22   0.0066756    114.97 9.7114E+00  0.3183  0.1577 1.6379E-06
 23   0.0079336    116.62 1.2694E+01  0.3193  0.0825 1.9191E-06
 24   0.0094285    118.27 1.6113E+01  0.3199  0.0815 2.2489E-06
 25   0.0112052    120.00 1.9077E+01  0.3206  0.0840 2.6344E-06
 26   0.0133167    121.95 2.0465E+01  0.3213  0.0934 3.0809E-06
 27   0.0158260    124.59 1.9714E+01  0.3222  0.1244 3.5841E-06
 28   0.0188082    127.74 1.5832E+01  0.3232  0.1444 4.1556E-06
 29   0.0223523    133.96 1.0819E+01  0.3238  0.2757 4.7105E-06
 30   0.0265643    140.43 7.6791E+00  0.3245  0.2731 5.3398E-06
 31   0.0315700    145.60 5.7906E+00  0.3248  0.2095 6.1206E-06
 32   0.0375189    150.03 4.4376E+00  0.3244  0.1736 7.0591E-06
 33   0.0445889    154.10 3.3687E+00  0.3241  0.1548 8.1681E-06
 34   0.0529910    158.04 2.4674E+00  0.3238  0.1463 9.4653E-06
 35   0.0629764    162.03 1.6685E+00  0.3233  0.1444 1.0972E-05
 36   0.0748435    166.11 9.7800E-01  0.3226  0.1442 1.2719E-05
 37   0.0889467    170.17 4.6645E-01  0.3218  0.1397 1.4756E-05
 38   0.1057074    174.12 1.1689E-01  0.3211  0.1331 1.7140E-05
 39   0.1256265    177.90 0.0000E+00  0.3204  0.1242 1.9939E-05
 40   0.1492991    181.40 1.7718E-02  0.3197  0.1131 2.3241E-05
 41   0.1774324    184.72 2.7388E-01  0.3189  0.1048 2.7128E-05
 42   0.2108671    188.08 7.0404E-01  0.3182  0.1046 3.1667E-05
 43   0.2506020    191.84 1.2868E+00  0.3175  0.1146 3.6902E-05
 44   0.2978245    196.12 2.2108E+00  0.3166  0.1277 4.2901E-05
 45   0.3539454    200.94 3.4648E+00  0.3157  0.1407 4.9760E-05
 46   0.4006415    204.66 5.0847E+00  0.3148  0.1480 5.5302E-05
 47   0.4500785    208.70 6.9394E+00  0.3140  0.1681 6.0925E-05
 48   0.4999055    212.06 1.3665E+01  0.3133  0.1523 6.6598E-05
 49   0.5941057    222.55 3.8928E+03  0.3119  0.2796 7.5438E-05
 50   0.7060567    234.82 1.3848E+04  0.3099  0.3109 8.5056E-05
 51   0.8391032    247.69 2.6985E+04  0.3080  0.3089 9.6121E-05
 52   0.9972205    261.17 3.8710E+04  0.3061  0.3070 1.0845E-04
 53   1.1851328    275.31 5.1333E+04  0.3047  0.3054 1.2226E-04
 54   1.4084546    290.14 6.5059E+04  0.3032  0.3039 1.3787E-04
 55   1.6738583    305.71 7.8110E+04  0.3022  0.3027 1.5550E-04
 56   1.9892735    322.05 8.8291E+04  0.3012  0.3017 1.7543E-04
 57   2.3641244    339.22 9.4066E+04  0.3005  0.3009 1.9793E-04
 58   2.8096107    357.27 9.5302E+04  0.2999  0.3002 2.2335E-04
 59   3.2390427    372.83 9.0921E+04  0.2995  0.2997 2.4674E-04
 60   4.0682388    399.15 8.4476E+04  0.2991  0.2994 2.8947E-04
 61   4.5936057    413.91 8.0188E+04  0.2989  0.2989 3.1519E-04
 62   4.9159981    422.39 7.5609E+04  0.2988  0.2988 3.3055E-04
 63   5.5046623    436.90 6.8461E+04  0.2986  0.2987 3.5783E-04
 64   6.6607828    462.49 6.4326E+04  0.2985  0.2986 4.0903E-04
 65   7.9159146    486.94 6.5647E+04  0.2983  0.2984 4.6170E-04
 66   9.4075584    512.67 7.3835E+04  0.2982  0.2983 5.2116E-04
 67  11.1802817    539.74 8.7821E+04  0.2980  0.2981 5.8830E-04
 68  13.2870500    568.23 1.0584E+05  0.2978  0.2979 6.6410E-04
 69  15.7908095    598.21 1.2493E+05  0.2976  0.2978 7.4970E-04
 70  18.7663676    629.73 1.4265E+05  0.2974  0.2975 8.4636E-04
 71  22.3026281    662.89 1.5817E+05  0.2971  0.2973 9.5553E-04
 72  26.5052477    697.75 1.7129E+05  0.2967  0.2969 1.0788E-03
 73  31.4997924    734.39 1.8152E+05  0.2962  0.2965 1.2182E-03
 74  37.4354894    772.88 1.8879E+05  0.2955  0.2959 1.3756E-03
 75  44.4896859    813.29 1.9216E+05  0.2949  0.2952 1.5536E-03
 76  52.8731474    855.70 2.0819E+05  0.2939  0.2944 1.7548E-03
 77  62.8363554    900.17 2.0665E+05  0.2930  0.2935 1.9824E-03
 78  72.6769912    939.29 2.0428E+05  0.2918  0.2924 2.1974E-03
 79  82.7488299    975.47 2.0090E+05  0.2907  0.2913 2.4091E-03
 80  92.4723105   1007.44 1.9757E+05  0.2898  0.2902 2.6068E-03
 81 100.4862575   1031.96 1.9388E+05  0.2889  0.2893 2.7655E-03
 82 110.7843120   1061.42 1.8873E+05  0.2880  0.2885 2.9642E-03
 83 125.3470981   1099.78 1.8178E+05  0.2869  0.2875 3.2368E-03
 84 148.9670125   1155.50 1.7555E+05  0.2854  0.2863 3.6612E-03
 85 177.0377708   1213.64 1.6845E+05  0.2833  0.2843 4.1427E-03
 86 200.3980724   1256.85 1.6235E+05  0.2815  0.2823 4.5281E-03
 87 220.0446581   1290.30 1.5745E+05  0.2802  0.2808 4.8433E-03
 88 240.1620905   1322.24 1.5164E+05  0.2790  0.2796 5.1584E-03
 89 270.1581467   1366.29 1.4584E+05  0.2776  0.2784 5.6157E-03
 90 300.7058796   1407.41 1.3974E+05  0.2761  0.2768 6.0681E-03
 91 350.0025047   1467.51 3.2407E+05  0.2744  0.2754 6.7740E-03
