 300.   316.00   0.28 0.0 0.100E+06  0.00  1.00  1.00  Teff, grav(MKS), Y, f_sed, kz_min, [Fe/H], C/O, f_hole
  1   0.0001778     84.38 1.7906E-01  0.0000  0.0000 5.9434E-08
  2   0.0002113     85.53 2.2161E-01  0.2901  0.0784 6.9682E-08
  3   0.0002512     87.49 2.7834E-01  0.2924  0.1314 8.0978E-08
  4   0.0002985     89.66 2.6206E-01  0.2954  0.1418 9.3900E-08
  5   0.0003547     92.38 2.4348E-01  0.2985  0.1729 1.0830E-07
  6   0.0004216     95.37 2.2830E-01  0.3018  0.1844 1.2469E-07
  7   0.0005010     99.27 2.1247E-01  0.3057  0.2322 1.4235E-07
  8   0.0005954     97.88 1.8915E-01  0.3071 -0.0812 1.7156E-07
  9   0.0007076    101.89 1.5864E-01  0.3085  0.2323 1.9588E-07
 10   0.0008410     99.73 1.0897E-01  0.3093 -0.1238 2.3784E-07
 11   0.0009994    100.83 3.8186E-02  0.3089  0.0634 2.7956E-07
 12   0.0011878    101.89 8.8845E-02  0.3097  0.0604 3.2881E-07
 13   0.0014116    111.17 1.2468E+00  0.3137  0.5049 3.5820E-07
 14   0.0016776    112.59 4.5216E+00  0.3176  0.0737 4.2033E-07
 15   0.0019937    117.73 7.3362E+00  0.3190  0.2585 4.7793E-07
 16   0.0023694    104.06 7.1101E+00  0.3169 -0.7146 6.4219E-07
 17   0.0028159    102.81 6.3292E+00  0.3113 -0.0702 7.7251E-07
 18   0.0033465    106.23 5.4302E+00  0.3122  0.1895 8.8855E-07
 19   0.0039771    110.02 5.3589E+00  0.3149  0.2033 1.0196E-06
 20   0.0047265    114.86 8.3854E+00  0.3179  0.2493 1.1608E-06
 21   0.0059172    116.68 1.2637E+01  0.3193  0.0698 1.4307E-06
 22   0.0079336    120.27 1.5706E+01  0.3203  0.1035 1.8612E-06
 23   0.0094285    122.16 1.6008E+01  0.3214  0.0901 2.1778E-06
 24   0.0112052    124.76 1.1918E+01  0.3223  0.1223 2.5344E-06
 25   0.0133167    131.91 7.8273E+00  0.3235  0.3228 2.8498E-06
 26   0.0158260    139.50 6.4410E+00  0.3243  0.3239 3.2025E-06
 27   0.0188082    144.88 4.9559E+00  0.3249  0.2192 3.6646E-06
 28   0.0223523    149.65 3.8345E+00  0.3245  0.1877 4.2163E-06
 29   0.0265643    153.92 3.0395E+00  0.3241  0.1628 4.8719E-06
 30   0.0315700    157.81 2.4600E+00  0.3238  0.1445 5.6474E-06
 31   0.0375189    161.43 1.9885E+00  0.3234  0.1316 6.5610E-06
 32   0.0445889    165.06 1.5454E+00  0.3227  0.1289 7.6260E-06
 33   0.0529910    168.84 1.1216E+00  0.3220  0.1312 8.8604E-06
 34   0.0629764    172.75 6.8532E-01  0.3214  0.1325 1.0293E-05
 35   0.0748435    176.82 2.2006E-01  0.3206  0.1349 1.1952E-05
 36   0.0889467    181.03 0.0000E+00  0.3199  0.1362 1.3877E-05
 37   0.1057074    185.15 0.0000E+00  0.3189  0.1305 1.6126E-05
 38   0.1256265    188.96 0.0000E+00  0.3181  0.1180 1.8780E-05
 39   0.1492991    192.60 0.0000E+00  0.3173  0.1106 2.1898E-05
 40   0.1774324    196.35 0.0000E+00  0.3165  0.1116 2.5528E-05
 41   0.2108671    200.39 0.0000E+00  0.3157  0.1179 2.9727E-05
 42   0.2506020    204.83 0.0000E+00  0.3148  0.1271 3.4563E-05
 43   0.2978245    209.98 0.0000E+00  0.3139  0.1436 4.0072E-05
 44   0.3339454    213.61 0.0000E+00  0.3130  0.1497 4.4172E-05
 45   0.3706415    217.32 0.0000E+00  0.3123  0.1653 4.8193E-05
 46   0.4166756    222.30 0.0000E+00  0.3115  0.1934 5.2978E-05
 47   0.4500785    227.35 2.0187E+03  0.3105  0.2915 5.5975E-05
 48   0.5099055    236.32 7.7037E+03  0.3094  0.3101 6.1092E-05
 49   0.5941057    247.74 1.5514E+04  0.3078  0.3087 6.8068E-05
 50   0.7060567    261.22 2.4031E+04  0.3061  0.3070 7.6768E-05
 51   0.8391032    275.37 3.5147E+04  0.3046  0.3054 8.6548E-05
 52   0.9972205    290.20 4.9511E+04  0.3032  0.3039 9.7599E-05
 53   1.1851328    305.77 6.6363E+04  0.3022  0.3027 1.1008E-04
 54   1.4084546    322.12 8.3610E+04  0.3012  0.3017 1.2418E-04
 55   1.6738583    339.29 9.8336E+04  0.3005  0.3009 1.4011E-04
 56   1.9892735    357.34 1.0788E+05  0.2999  0.3002 1.5810E-04
 57   2.3641244    376.31 1.1077E+05  0.2995  0.2997 1.7842E-04
 58   2.8096107    396.27 1.0816E+05  0.2991  0.2993 2.0137E-04
 59   3.2390427    413.48 9.8397E+04  0.2989  0.2990 2.2248E-04
 60   4.0682388    442.62 8.8641E+04  0.2987  0.2988 2.6104E-04
 61   4.5936057    458.97 8.3778E+04  0.2985  0.2985 2.8425E-04
 62   4.9159981    468.35 7.9657E+04  0.2984  0.2984 2.9810E-04
 63   5.5046623    484.43 7.5524E+04  0.2983  0.2984 3.2273E-04
 64   6.6607828    512.77 7.9387E+04  0.2982  0.2983 3.6892E-04
 65   7.9159146    539.85 9.3543E+04  0.2980  0.2981 4.1645E-04
 66   9.4075584    568.34 1.1670E+05  0.2978  0.2979 4.7011E-04
 67  11.1802817    598.32 1.4401E+05  0.2976  0.2977 5.3070E-04
 68  13.2870500    629.86 1.7172E+05  0.2974  0.2975 5.9913E-04
 69  15.7908095    663.02 1.9672E+05  0.2971  0.2973 6.7640E-04
 70  18.7663676    697.89 2.1724E+05  0.2967  0.2969 7.6370E-04
 71  22.3026281    734.53 2.3342E+05  0.2962  0.2965 8.6232E-04
 72  26.5052477    773.03 2.4518E+05  0.2955  0.2959 9.7378E-04
 73  31.4997924    813.45 2.4952E+05  0.2949  0.2952 1.0998E-03
 74  37.4354894    855.86 2.6892E+05  0.2939  0.2944 1.2422E-03
 75  44.4896859    900.34 2.6414E+05  0.2930  0.2934 1.4033E-03
 76  52.8731474    946.95 2.5607E+05  0.2917  0.2924 1.5856E-03
 77  62.8363554    995.75 2.4593E+05  0.2904  0.2910 1.7921E-03
 78  72.6769912   1038.62 2.3599E+05  0.2890  0.2897 1.9872E-03
 79  82.7488299   1078.21 2.2671E+05  0.2876  0.2883 2.1795E-03
 80  92.4723105   1113.14 2.1938E+05  0.2864  0.2870 2.3593E-03
 81 100.4862575   1139.90 2.1188E+05  0.2854  0.2859 2.5036E-03
 82 110.7843120   1172.03 2.0379E+05  0.2843  0.2849 2.6845E-03
 83 125.3470981   1213.83 1.8859E+05  0.2830  0.2837 2.9327E-03
 84 148.9670125   1274.45 1.7125E+05  0.2812  0.2823 3.3195E-03
 85 177.0377708   1337.60 1.5834E+05  0.2790  0.2802 3.7587E-03
 86 200.3980724   1384.47 1.4967E+05  0.2770  0.2779 4.1107E-03
 87 220.0446581   1420.70 1.4375E+05  0.2756  0.2762 4.3986E-03
 88 240.1620905   1455.29 1.3767E+05  0.2743  0.2750 4.6866E-03
 89 270.1581467   1502.93 1.3235E+05  0.2729  0.2737 5.1050E-03
 90 300.7058796   1547.38 1.2704E+05  0.2713  0.2721 5.5191E-03
 91 350.0025047   1612.26 4.5914E+05  0.2695  0.2706 6.1659E-03
