 300.  1000.00   0.28 0.0 0.100E+06  0.00  1.00  1.00  Teff, grav(MKS), Y, f_sed, kz_min, [Fe/H], C/O, f_hole
  1   0.0001778     87.06 8.3179E-02  0.0000  0.0000 5.7605E-08
  2   0.0002113     88.05 1.0568E-01  0.2939  0.0659 6.7684E-08
  3   0.0002512     89.77 1.3386E-01  0.2959  0.1113 7.8930E-08
  4   0.0002985     91.71 1.2590E-01  0.2981  0.1243 9.1802E-08
  5   0.0003547     94.13 1.1467E-01  0.3007  0.1507 1.0629E-07
  6   0.0004216     96.64 1.0585E-01  0.3035  0.1527 1.2304E-07
  7   0.0005010     99.93 9.8382E-02  0.3068  0.1941 1.4140E-07
  8   0.0005954    101.60 9.4231E-02  0.3093  0.0960 1.6528E-07
  9   0.0007076    103.62 1.0655E-01  0.3107  0.1137 1.9261E-07
10    0.0008410    106.30 1.7114E-01  0.3125  0.1480 2.2315E-07
11    0.0009994    108.64 3.6395E-01  0.3144  0.1260 2.5950E-07
12    0.0011878    111.32 8.5205E-01  0.3162  0.1414 3.0100E-07
13    0.0014116    113.78 1.2949E+00  0.3179  0.1263 3.5004E-07
14    0.0016776    102.82 1.3156E+00  0.3150 -0.5862 4.6017E-07
15    0.0019937    103.40 1.2135E+00  0.3111  0.0323 5.4383E-07
16    0.0023694     93.42 1.0407E+00  0.3069 -0.5879 7.1535E-07
17    0.0028159    100.92 8.4004E-01  0.3055  0.4472 7.8699E-07
18    0.0033465    107.92 9.2969E-01  0.3121  0.3886 8.7462E-07
19    0.0039771    111.85 2.0761E+00  0.3161  0.2074 1.0029E-06
20    0.0047265    114.22 4.5159E+00  0.3181  0.1212 1.1673E-06
21    0.0056172    115.70 8.0190E+00  0.3189  0.0745 1.3696E-06
22    0.0066756    118.61 1.3251E+01  0.3198  0.1440 1.5879E-06
23    0.0079336    121.66 1.9424E+01  0.3210  0.1472 1.8400E-06
24    0.0094285    121.48 2.3463E+01  0.3216 -0.0086 2.1898E-06
25    0.0112052    120.51 2.4399E+01  0.3213 -0.0467 2.6233E-06
26    0.0133167    120.37 2.3000E+01  0.3211 -0.0066 3.1210E-06
27    0.0158260    121.09 1.9751E+01  0.3212  0.0343 3.6872E-06
28    0.0188082    122.48 1.4812E+01  0.3216  0.0664 4.3322E-06
29    0.0223523    126.11 1.0290E+01  0.3226  0.1690 5.0016E-06
30    0.0265643    133.34 4.5319E+00  0.3237  0.3232 5.6241E-06
31    0.0315700    141.02 7.9391E-01  0.3245  0.3241 6.3197E-06
32    0.0375189    146.95 0.0000E+00  0.3247  0.2387 7.2072E-06
33    0.0445889    151.65 0.0000E+00  0.3243  0.1824 8.2998E-06
34    0.0529910    155.79 0.0000E+00  0.3240  0.1559 9.6019E-06
35    0.0629764    159.61 0.0000E+00  0.3237  0.1404 1.1138E-05
36    0.0748435    163.36 0.0000E+00  0.3231  0.1344 1.2933E-05
37    0.0889467    167.14 0.0000E+00  0.3224  0.1324 1.5023E-05
38    0.1057074    170.91 0.0000E+00  0.3217  0.1294 1.7460E-05
39    0.1256265    174.77 0.0000E+00  0.3210  0.1292 2.0294E-05
40    0.1492991    178.78 0.0000E+00  0.3203  0.1313 2.3580E-05
41    0.1774324    182.73 0.0000E+00  0.3195  0.1266 2.7421E-05
42    0.2108671    186.45 0.0000E+00  0.3186  0.1168 3.1942E-05
43    0.2506020    189.98 0.0000E+00  0.3178  0.1087 3.7262E-05
44    0.2978245    193.53 0.0000E+00  0.3171  0.1072 4.3474E-05
45    0.3539454    197.21 0.0000E+00  0.3163  0.1090 5.0701E-05
46    0.4206415    201.08 0.0000E+00  0.3155  0.1125 5.9096E-05
47    0.4999055    205.31 0.0000E+00  0.3147  0.1207 6.8784E-05
48    0.5941057    210.02 0.0000E+00  0.3138  0.1313 7.9914E-05
49    0.7060567    215.47 0.0000E+00  0.3128  0.1484 9.2575E-05
50    0.8391032    221.47 0.0000E+00  0.3117  0.1591 1.0705E-04
51    0.9972205    232.04 4.1403E+03  0.3102  0.2702 1.2149E-04
52    1.1851328    244.78 1.4457E+04  0.3084  0.3094 1.3713E-04
53    1.4084546    258.12 2.5096E+04  0.3065  0.3074 1.5490E-04
54    1.6738583    272.11 3.6468E+04  0.3050  0.3057 1.7472E-04
55    1.9892735    286.78 4.9830E+04  0.3035  0.3043 1.9701E-04
56    2.3641244    302.18 6.4791E+04  0.3024  0.3029 2.2220E-04
57    2.8096107    318.35 7.9049E+04  0.3014  0.3019 2.5065E-04
58    3.3390427    335.33 8.9389E+04  0.3007  0.3010 2.8280E-04
59    3.9682388    353.18 9.4275E+04  0.3001  0.3004 3.1911E-04
60    4.7159981    371.93 9.2854E+04  0.2996  0.2998 3.6011E-04
61    5.6046623    391.66 8.5533E+04  0.2992  0.2994 4.0641E-04
62    6.6607828    412.41 7.3476E+04  0.2989  0.2990 4.5869E-04
63    7.9159146    434.25 5.8560E+04  0.2987  0.2988 5.1772E-04
64    9.4075584    457.22 4.3793E+04  0.2985  0.2986 5.8436E-04
65   11.1802817    481.39 3.1065E+04  0.2984  0.2984 6.5960E-04
66   13.2870500    506.83 2.5044E+04  0.2982  0.2983 7.4455E-04
67   15.7908095    533.60 2.9562E+04  0.2981  0.2981 8.4046E-04
68   18.7663676    561.77 4.5788E+04  0.2979  0.2980 9.4875E-04
69   22.3026281    591.41 7.1881E+04  0.2977  0.2978 1.0710E-03
70   26.5052477    622.58 1.0287E+05  0.2974  0.2976 1.2091E-03
71   31.4997924    655.37 1.3258E+05  0.2972  0.2973 1.3651E-03
72   37.4354894    689.85 1.5873E+05  0.2967  0.2969 1.5412E-03
73   44.4896859    726.08 1.8087E+05  0.2963  0.2965 1.7402E-03
74   52.8731474    764.15 1.9841E+05  0.2957  0.2960 1.9651E-03
75   62.8363554    804.13 2.1128E+05  0.2950  0.2954 2.2193E-03
76   74.6769912    846.09 2.3975E+05  0.2942  0.2946 2.5067E-03
77   88.7488299    890.09 2.4932E+05  0.2932  0.2937 2.8317E-03
78  105.4723105    936.22 2.4684E+05  0.2920  0.2927 3.1995E-03
79  125.3470981    984.52 2.3780E+05  0.2907  0.2913 3.6159E-03
80  148.9670125   1035.06 2.2589E+05  0.2892  0.2900 4.0873E-03
81  177.0377708   1087.90 2.1307E+05  0.2875  0.2884 4.6216E-03
82  210.3980724   1143.09 2.0352E+05  0.2858  0.2867 5.2273E-03
83  250.0446581   1200.70 1.9143E+05  0.2838  0.2848 5.9144E-03
84  297.1620905   1260.76 1.7484E+05  0.2817  0.2827 6.6943E-03
85  353.1581467   1323.35 1.5765E+05  0.2795  0.2807 7.5798E-03
86  419.7058796   1388.50 1.4187E+05  0.2772  0.2784 8.5860E-03
87  498.7936057   1456.28 1.2931E+05  0.2749  0.2761 9.7298E-03
88  592.7843120   1526.74 1.1944E+05  0.2725  0.2737 1.1031E-02
89  704.4862575   1599.93 1.1487E+05  0.2700  0.2713 1.2514E-02
90  837.2368785   1675.94 1.1725E+05  0.2676  0.2688 1.4205E-02
91 1000.0025047   1757.14 4.5915E+05  0.2650  0.2663 1.6199E-02
