 300.  3160.00   0.28 0.0 0.100E+06  0.00  1.00  1.00  Teff, grav(MKS), Y, f_sed, kz_min, [Fe/H], C/O, f_hole
  1   0.0001778     95.31 5.8413E-02  0.0000  0.0000 5.2626E-08
  2   0.0002113     95.94 7.6173E-02  0.3038  0.0381 6.2132E-08
  3   0.0002512     97.02 9.6104E-02  0.3048  0.0652 7.3014E-08
  4   0.0002985     98.33 9.2797E-02  0.3061  0.0777 8.5616E-08
  5   0.0003547    100.16 8.5771E-02  0.3078  0.1068 9.9889E-08
  6   0.0004216    101.66 7.9339E-02  0.3094  0.0857 1.1697E-07
  7   0.0005010    101.53 7.3119E-02  0.3099 -0.0074 1.3919E-07
  8   0.0005954    101.01 6.6663E-02  0.3096 -0.0298 1.6627E-07
  9   0.0007076    101.69 6.0563E-02  0.3097  0.0391 1.9627E-07
 10   0.0008410    102.97 5.5656E-02  0.3105  0.0724 2.3036E-07
 11   0.0009994    103.31 5.5464E-02  0.3111  0.0190 2.7287E-07
 12   0.0011878    106.82 7.4334E-02  0.3126  0.1935 3.1365E-07
 13   0.0014116    107.71 1.2579E-01  0.3142  0.0482 3.6966E-07
 14   0.0016776    109.79 2.5104E-01  0.3153  0.1109 4.3100E-07
 15   0.0019937    111.66 5.5486E-01  0.3167  0.0976 5.0368E-07
 16   0.0023694    113.89 1.2662E+00  0.3180  0.1149 5.8689E-07
 17   0.0028159    115.89 2.8150E+00  0.3189  0.1007 6.8555E-07
 18   0.0033465    118.44 4.9267E+00  0.3198  0.1263 7.9734E-07
 19   0.0039771    115.79 6.0201E+00  0.3198 -0.1313 9.6899E-07
 20   0.0047265    109.19 6.0521E+00  0.3179 -0.3399 1.2209E-06
 21   0.0056172    107.33 5.8299E+00  0.3149 -0.0998 1.4762E-06
 22   0.0066756    105.80 5.5170E+00  0.3137 -0.0828 1.7796E-06
 23   0.0079336    112.45 5.4410E+00  0.3156  0.3529 1.9900E-06
 24   0.0094285    112.55 5.4267E+00  0.3179  0.0054 2.3627E-06
 25   0.0112052    112.83 5.2133E+00  0.3180  0.0142 2.8011E-06
 26   0.0133167    114.11 4.9122E+00  0.3183  0.0653 3.2916E-06
 27   0.0158260    115.57 4.5816E+00  0.3189  0.0738 3.8624E-06
 28   0.0188082    117.11 4.2096E+00  0.3195  0.0763 4.5302E-06
 29   0.0223523    118.93 3.8082E+00  0.3202  0.0898 5.3012E-06
 30   0.0265643    120.70 3.5006E+00  0.3209  0.0855 6.2080E-06
 31   0.0315700    122.90 3.7259E+00  0.3216  0.1047 7.2461E-06
 32   0.0375189    125.78 5.1517E+00  0.3226  0.1340 8.4157E-06
 33   0.0445889    130.32 5.7542E+00  0.3235  0.2052 9.6565E-06
 34   0.0529910    137.24 4.9719E+00  0.3241  0.2999 1.0899E-05
 35   0.0629764    143.84 4.0954E+00  0.3249  0.2721 1.2360E-05
 36   0.0748435    149.28 3.5368E+00  0.3245  0.2150 1.4153E-05
 37   0.0889467    153.82 3.1339E+00  0.3241  0.1737 1.6323E-05
 38   0.1057074    158.00 2.8178E+00  0.3238  0.1552 1.8886E-05
 39   0.1256265    161.91 2.5632E+00  0.3233  0.1415 2.1903E-05
 40   0.1492991    165.64 2.3562E+00  0.3226  0.1319 2.5445E-05
 41   0.1774324    169.31 2.1867E+00  0.3219  0.1270 2.9584E-05
 42   0.2108671    173.04 2.0271E+00  0.3213  0.1263 3.4402E-05
 43   0.2506020    176.85 1.8751E+00  0.3206  0.1262 4.0005E-05
 44   0.2978245    180.61 1.7623E+00  0.3199  0.1219 4.6557E-05
 45   0.3539454    184.21 1.6882E+00  0.3191  0.1143 5.4254E-05
 46   0.4206415    187.63 1.6473E+00  0.3183  0.1067 6.3308E-05
 47   0.4999055    190.94 1.6457E+00  0.3176  0.1011 7.3942E-05
 48   0.5941057    194.18 1.6903E+00  0.3169  0.0976 8.6413E-05
 49   0.7060567    197.50 1.7852E+00  0.3162  0.0981 1.0098E-04
 50   0.8391032    201.10 1.9282E+00  0.3155  0.1046 1.1787E-04
 51   0.9972205    205.14 2.1552E+00  0.3147  0.1154 1.3732E-04
 52   1.1851328    209.68 2.5696E+00  0.3139  0.1266 1.5967E-04
 53   1.4084546    214.81 3.2222E+00  0.3129  0.1402 1.8522E-04
 54   1.6738583    220.85 4.9097E+00  0.3118  0.1605 2.1412E-04
 55   1.9892735    228.38 9.1066E+02  0.3106  0.1942 2.4611E-04
 56   2.3641244    240.94 9.0898E+03  0.3090  0.3100 2.7741E-04
 57   2.8096107    254.09 2.3877E+04  0.3070  0.3080 3.1321E-04
 58   3.3390427    267.89 3.6747E+04  0.3054  0.3062 3.5388E-04
 59   3.9682388    282.35 4.8992E+04  0.3039  0.3047 3.9918E-04
 60   4.7159981    297.53 6.1308E+04  0.3027  0.3032 4.5017E-04
 61   5.6046623    313.46 7.2228E+04  0.3017  0.3022 5.0780E-04
 62   6.6607828    330.20 7.9533E+04  0.3009  0.3012 5.7290E-04
 63   7.9159146    347.78 8.1660E+04  0.3002  0.3006 6.4643E-04
 64   9.4075584    366.27 7.7657E+04  0.2997  0.2999 7.2947E-04
 65  11.1802817    385.70 6.7432E+04  0.2993  0.2995 8.2325E-04
 66  13.2870500    406.15 5.2425E+04  0.2990  0.2992 9.2913E-04
 67  15.7908095    427.65 3.4087E+04  0.2988  0.2989 1.0487E-03
 68  18.7663676    450.28 1.5610E+04  0.2986  0.2987 1.1837E-03
 69  22.3026281    474.09 1.1429E+03  0.2984  0.2985 1.3361E-03
 70  26.5052477    499.15 0.0000E+00  0.2983  0.2983 1.5081E-03
 71  31.4997924    523.23 0.0000E+00  0.2981  0.2729 1.7098E-03
 72  37.4354894    548.50 0.0000E+00  0.2980  0.2732 1.9384E-03
 73  44.4896859    576.80 1.4253E+04  0.2978  0.2915 2.1906E-03
 74  52.8731474    607.22 4.3122E+04  0.2976  0.2977 2.4730E-03
 75  62.8363554    639.22 7.7500E+04  0.2973  0.2974 2.7919E-03
 76  74.6769912    672.86 1.1154E+05  0.2969  0.2971 3.1520E-03
 77  88.7488299    708.23 1.4244E+05  0.2965  0.2967 3.5589E-03
 78 105.4723105    745.41 1.6960E+05  0.2960  0.2963 4.0186E-03
 79 125.3470981    784.44 1.9128E+05  0.2954  0.2957 4.5382E-03
 80 148.9670125    825.43 2.0506E+05  0.2946  0.2950 5.1255E-03
 81 177.0377708    868.43 2.5812E+05  0.2936  0.2941 5.7897E-03
 82 210.3980724    913.52 2.5855E+05  0.2927  0.2932 6.5411E-03
 83 250.0446581    960.75 2.5417E+05  0.2913  0.2920 7.3916E-03
 84 297.1620905   1010.19 2.4466E+05  0.2900  0.2907 8.3546E-03
 85 353.1581467   1061.91 2.3295E+05  0.2883  0.2892 9.4455E-03
 86 419.7058796   1115.94 2.2492E+05  0.2866  0.2875 1.0682E-02
 87 498.7936057   1172.38 2.2113E+05  0.2848  0.2858 1.2085E-02
 88 592.7843120   1231.24 2.0571E+05  0.2827  0.2837 1.3677E-02
 89 704.4862575   1292.59 1.8914E+05  0.2806  0.2817 1.5485E-02
 90 837.2368785   1356.48 1.7005E+05  0.2783  0.2795 1.7539E-02
 91 995.0025047   1422.97 4.5913E+05  0.2760  0.2772 1.9874E-02
