 325.   100.00   0.28 0.0 0.100E+06  0.00  1.00  1.00  Teff, grav(MKS), Y, f_sed, kz_min, [Fe/H], C/O, f_hole
  1   0.0001778     90.51 6.0621E-01  0.0000  0.0000 5.5409E-08
  2   0.0002113     92.02 7.4716E-01  0.2988  0.0959 6.4767E-08
  3   0.0002512     94.50 9.3965E-01  0.3011  0.1540 7.4973E-08
  4   0.0002985     97.47 8.9574E-01  0.3042  0.1792 8.6378E-08
  5   0.0003547     99.68 8.4544E-01  0.3071  0.1300 1.0036E-07
  6   0.0004216    102.87 8.6735E-01  0.3097  0.1821 1.1560E-07
  7   0.0005010    105.36 1.2651E+00  0.3119  0.1390 1.3412E-07
  8   0.0005954    110.66 2.0394E+00  0.3148  0.2840 1.5181E-07
  9   0.0007076    105.36 2.2270E+00  0.3148 -0.2841 1.8943E-07
 10   0.0008410     98.72 1.9194E+00  0.3103 -0.3771 2.4029E-07
 11   0.0009994     91.23 1.4224E+00  0.3031 -0.4571 3.0898E-07
 12   0.0011878    100.64 9.5507E-01  0.3042  0.5687 3.3288E-07
 13   0.0014116    110.02 2.3044E+00  0.3128  0.5159 3.6193E-07
 14   0.0016776    113.19 6.2347E+00  0.3174  0.1649 4.1810E-07
 15   0.0019937    116.57 1.1469E+01  0.3189  0.1704 4.8260E-07
 16   0.0023694    118.92 1.5658E+01  0.3201  0.1157 5.6234E-07
 17   0.0028159    117.68 1.5492E+01  0.3203 -0.0609 6.7526E-07
 18   0.0033465    118.11 1.1562E+01  0.3201  0.0209 7.9959E-07
 19   0.0039771    124.82 7.3276E+00  0.3215  0.3202 8.9945E-07
 20   0.0047265    131.97 2.6039E+00  0.3235  0.3228 1.0110E-06
 21   0.0056172    139.56 6.6387E-01  0.3244  0.3239 1.1362E-06
 22   0.0066756    144.94 0.0000E+00  0.3249  0.2191 1.3001E-06
 23   0.0079336    149.44 0.0000E+00  0.3245  0.1770 1.4986E-06
 24   0.0094285    153.50 0.0000E+00  0.3242  0.1554 1.7339E-06
 25   0.0112052    157.35 0.0000E+00  0.3239  0.1433 2.0103E-06
 26   0.0133167    160.91 0.0000E+00  0.3235  0.1297 2.3363E-06
 27   0.0158260    164.32 0.0000E+00  0.3228  0.1213 2.7192E-06
 28   0.0188082    167.82 0.0000E+00  0.3222  0.1223 3.1644E-06
 29   0.0223523    171.60 0.0000E+00  0.3215  0.1288 3.6784E-06
 30   0.0265643    175.58 0.0000E+00  0.3209  0.1330 4.2729E-06
 31   0.0315700    179.90 0.0000E+00  0.3201  0.1408 4.9570E-06
 32   0.0375189    184.41 0.0000E+00  0.3191  0.1434 5.7472E-06
 33   0.0445889    188.79 0.0000E+00  0.3182  0.1360 6.6718E-06
 34   0.0529910    192.89 0.0000E+00  0.3173  0.1245 7.7607E-06
 35   0.0629764    196.78 0.0000E+00  0.3164  0.1154 9.0414E-06
 36   0.0748435    200.75 0.0000E+00  0.3156  0.1157 1.0533E-05
 37   0.0889467    205.12 0.0000E+00  0.3148  0.1248 1.2252E-05
 38   0.1057074    209.97 0.0000E+00  0.3138  0.1354 1.4227E-05
 39   0.1256265    215.59 0.0000E+00  0.3128  0.1530 1.6473E-05
 40   0.1492991    222.07 3.1319E+02  0.3116  0.1716 1.9020E-05
 41   0.1774324    234.32 2.6058E+03  0.3100  0.3110 2.1482E-05
 42   0.2108671    247.16 4.5711E+03  0.3080  0.3090 2.4235E-05
 43   0.2506020    260.62 8.0399E+03  0.3062  0.3071 2.7310E-05
 44   0.2978245    274.73 1.4743E+04  0.3047  0.3055 3.0790E-05
 45   0.3539454    289.53 2.3818E+04  0.3033  0.3040 3.4721E-05
 46   0.4006415    300.60 3.4280E+04  0.3024  0.3028 3.7852E-05
 47   0.4500785    311.36 4.6316E+04  0.3017  0.3020 4.1055E-05
 48   0.4999055    321.37 6.4571E+04  0.3011  0.3014 4.4179E-05
 49   0.5941057    338.50 8.9034E+04  0.3006  0.3009 4.9847E-05
 50   0.7060567    356.51 1.1334E+05  0.3000  0.3003 5.6247E-05
 51   0.8391032    375.44 1.3328E+05  0.2995  0.2997 6.3476E-05
 52   0.9972205    395.35 1.4553E+05  0.2992  0.2993 7.1638E-05
 53   1.1851328    416.29 1.4944E+05  0.2989  0.2990 8.0854E-05
 54   1.4084546    438.33 1.4733E+05  0.2987  0.2988 9.1259E-05
 55   1.6738583    461.51 1.4329E+05  0.2985  0.2986 1.0301E-04
 56   1.9892735    485.91 1.4153E+05  0.2983  0.2984 1.1627E-04
 57   2.3641244    511.59 1.4729E+05  0.2982  0.2983 1.3124E-04
 58   2.8096107    538.61 1.6206E+05  0.2980  0.2981 1.4815E-04
 59   3.2390427    561.92 1.8988E+05  0.2979  0.2979 1.6371E-04
 60   4.0682388    601.39 2.2332E+05  0.2976  0.2978 1.9212E-04
 61   4.5936057    623.51 2.4502E+05  0.2974  0.2975 2.0924E-04
 62   4.9159981    636.21 2.6679E+05  0.2973  0.2973 2.1945E-04
 63   5.5046623    657.96 2.9849E+05  0.2971  0.2972 2.3760E-04
 64   6.6607828    696.28 3.2955E+05  0.2967  0.2969 2.7167E-04
 65   7.9159146    732.84 3.5145E+05  0.2962  0.2965 3.0676E-04
 66   9.4075584    771.25 3.6420E+05  0.2956  0.2959 3.4641E-04
 67  11.1802817    811.59 3.6507E+05  0.2949  0.2953 3.9122E-04
 68  13.2870500    853.91 3.7288E+05  0.2940  0.2945 4.4188E-04
 69  15.7908095    898.29 3.6206E+05  0.2930  0.2935 4.9919E-04
 70  18.7663676    944.81 3.4565E+05  0.2918  0.2925 5.6405E-04
 71  22.3026281    993.50 3.2543E+05  0.2904  0.2911 6.3748E-04
 72  26.5052477   1044.47 3.0476E+05  0.2889  0.2898 7.2067E-04
 73  31.4997924   1097.72 2.8028E+05  0.2872  0.2881 8.1494E-04
 74  37.4354894   1153.35 2.5336E+05  0.2854  0.2863 9.2177E-04
 75  44.4896859   1211.40 2.2635E+05  0.2834  0.2844 1.0430E-03
 76  52.8731474   1271.91 1.9845E+05  0.2813  0.2824 1.1805E-03
 77  62.8363554   1334.96 1.7685E+05  0.2791  0.2803 1.3367E-03
 78  72.6769912   1390.05 1.6127E+05  0.2770  0.2779 1.4847E-03
 79  82.7488299   1440.75 1.5161E+05  0.2751  0.2760 1.6309E-03
 80  92.4723105   1485.32 1.4628E+05  0.2734  0.2742 1.7679E-03
 81 100.4862575   1519.36 1.4148E+05  0.2721  0.2726 1.8781E-03
 82 110.7843120   1560.14 1.3710E+05  0.2708  0.2715 2.0163E-03
 83 125.3470981   1613.06 1.3965E+05  0.2692  0.2701 2.2064E-03
 84 148.9670125   1689.54 1.5897E+05  0.2670  0.2683 2.5031E-03
 85 177.0377708   1768.87 2.0584E+05  0.2645  0.2658 2.8409E-03
 86 200.3980724   1827.54 2.4306E+05  0.2623  0.2633 3.1125E-03
 87 220.0446581   1872.75 2.7208E+05  0.2606  0.2613 3.3353E-03
 88 240.1620905   1915.82 3.0791E+05  0.2592  0.2599 3.5589E-03
 89 270.1581467   1975.02 3.4737E+05  0.2576  0.2586 3.8844E-03
 90 300.7058796   2030.10 3.9932E+05  0.2559  0.2568 4.2073E-03
 91 350.0025047   2110.23 6.3243E+05  0.2536  0.2550 4.7132E-03
