 325.   562.00   0.28 0.0 0.100E+06  0.00  1.00  1.00  Teff, grav(MKS), Y, f_sed, kz_min, [Fe/H], C/O, f_hole
  1   0.0001778     92.96 1.8945E-01  0.0000  0.0000 5.3946E-08
  2   0.0002338     94.08 2.4199E-01  0.3014  0.0435 7.0096E-08
  3   0.0002681     97.22 3.2862E-01  0.3038  0.2398 7.7783E-08
  4   0.0003524     99.83 3.0998E-01  0.3070  0.0971 9.9562E-08
  5   0.0004041    102.22 2.9189E-01  0.3095  0.1730 1.1150E-07
  6   0.0004633    103.83 2.9553E-01  0.3110  0.1138 1.2586E-07
  7   0.0005312    105.73 3.3742E-01  0.3124  0.1330 1.4171E-07
  8   0.0006091    107.75 4.4787E-01  0.3138  0.1382 1.5946E-07
  9   0.0006984    109.32 5.7683E-01  0.3152  0.1057 1.8022E-07
 10   0.0008008    105.24 6.0510E-01  0.3142 -0.2779 2.1462E-07
 11   0.0009182     99.00 5.6065E-01  0.3103 -0.4467 2.6158E-07
 12   0.0010528     96.36 4.9582E-01  0.3061 -0.1980 3.0816E-07
 13   0.0012071    100.96 3.4982E-01  0.3072  0.3409 3.3723E-07
 14   0.0015870     93.50 1.4857E-01  0.3056 -0.2805 4.7873E-07
 15   0.0018196    101.69 0.0000E+00  0.3060  0.6140 5.0468E-07
 16   0.0020863    106.49 0.0000E+00  0.3118  0.3374 5.5257E-07
 17   0.0023922    109.94 4.4770E-01  0.3149  0.2325 6.1377E-07
 18   0.0027429    112.02 1.6341E+00  0.3169  0.1372 6.9069E-07
 19   0.0031450    113.60 4.0684E+00  0.3180  0.1023 7.8098E-07
 20   0.0036060    117.47 8.7997E+00  0.3192  0.2449 8.6619E-07
 21   0.0041346    120.61 1.4210E+01  0.3206  0.1930 9.6752E-07
 22   0.0047407    120.90 1.7830E+01  0.3212  0.0173 1.1067E-06
 23   0.0054357    119.22 1.8690E+01  0.3210 -0.1020 1.2865E-06
 24   0.0062326    117.53 1.7453E+01  0.3203 -0.1045 1.4961E-06
 25   0.0071462    118.07 1.5458E+01  0.3201  0.0339 1.7074E-06
 26   0.0081938    118.36 1.0901E+01  0.3202  0.0175 1.9531E-06
 27   0.0107723    126.87 8.0290E+00  0.3220  0.2540 2.3964E-06
 28   0.0123515    132.61 5.4827E+00  0.3237  0.3233 2.6294E-06
 29   0.0141621    138.62 3.6196E-01  0.3243  0.3240 2.8841E-06
 30   0.0186187    148.57 0.0000E+00  0.3248  0.2534 3.5375E-06
 31   0.0213481    151.98 0.0000E+00  0.3242  0.1656 3.9653E-06
 32   0.0244777    155.44 0.0000E+00  0.3240  0.1648 4.4452E-06
 33   0.0280660    158.64 0.0000E+00  0.3237  0.1490 4.9941E-06
 34   0.0321803    161.62 0.0000E+00  0.3233  0.1357 5.6210E-06
 35   0.0368978    164.42 0.0000E+00  0.3228  0.1256 6.3353E-06
 36   0.0423069    167.19 0.0000E+00  0.3223  0.1221 7.1440E-06
 37   0.0485089    169.97 0.0000E+00  0.3217  0.1206 8.0575E-06
 38   0.0556201    172.79 0.0000E+00  0.3212  0.1204 9.0884E-06
 39   0.0637737    175.72 0.0000E+00  0.3207  0.1228 1.0248E-05
 40   0.0731227    178.81 0.0000E+00  0.3202  0.1276 1.1549E-05
 41   0.0838421    182.11 0.0000E+00  0.3195  0.1335 1.3004E-05
 42   0.0961330    185.51 0.0000E+00  0.3188  0.1352 1.4638E-05
 43   0.1102257    188.85 0.0000E+00  0.3181  0.1306 1.6488E-05
 44   0.1263843    192.30 0.0000E+00  0.3173  0.1324 1.8566E-05
 45   0.1905127    201.77 0.0000E+00  0.3160  0.1171 2.6674E-05
 46   0.2184410    204.33 0.0000E+00  0.3147  0.0924 3.0201E-05
 47   0.2504635    207.49 0.0000E+00  0.3142  0.1120 3.4103E-05
 48   0.3292797    215.62 0.0000E+00  0.3130  0.1406 4.3150E-05
 49   0.3775507    219.62 0.0000E+00  0.3119  0.1340 4.8584E-05
 50   0.4328980    224.65 0.0000E+00  0.3110  0.1656 5.4473E-05
 51   0.4963589    230.99 6.4036E+02  0.3101  0.2036 6.0779E-05
 52   0.5691229    240.99 3.9920E+03  0.3088  0.3095 6.6927E-05
 53   0.6525539    251.36 7.9724E+03  0.3072  0.3080 7.3730E-05
 54   0.7482154    262.12 1.2233E+04  0.3059  0.3065 8.1075E-05
 55   0.8579005    273.30 1.8096E+04  0.3047  0.3053 8.9156E-05
 56   0.9836649    284.91 2.6257E+04  0.3035  0.3041 9.8061E-05
 57   1.1278659    296.97 3.7056E+04  0.3027  0.3031 1.0787E-04
 58   1.2932061    309.50 5.4158E+04  0.3019  0.3023 1.1867E-04
 59   1.5827844    328.95 7.6925E+04  0.3010  0.3015 1.3666E-04
 60   1.9493892    350.20 9.4713E+04  0.3002  0.3006 1.5809E-04
 61   2.2351611    364.87 1.0643E+05  0.2997  0.2999 1.7398E-04
 62   2.5628259    380.13 1.1323E+05  0.2994  0.2995 1.9148E-04
 63   2.9385249    396.01 1.1422E+05  0.2991  0.2992 2.1074E-04
 64   3.3692997    412.55 1.0943E+05  0.2989  0.2990 2.3195E-04
 65   3.8632243    429.76 1.0039E+05  0.2987  0.2988 2.5530E-04
 66   4.4295559    447.68 8.8951E+04  0.2986  0.2986 2.8101E-04
 67   5.0789094    466.34 7.6893E+04  0.2984  0.2985 3.0932E-04
 68   5.8234552    485.77 6.5763E+04  0.2983  0.2984 3.4047E-04
 69   6.6771481    505.99 5.8339E+04  0.2982  0.2983 3.7478E-04
 70   7.6559887    527.06 5.7203E+04  0.2981  0.2981 4.1255E-04
 71   8.7783230    548.99 6.4188E+04  0.2979  0.2980 4.5413E-04
 72  10.0651866    571.82 7.9597E+04  0.2978  0.2979 4.9991E-04
 73  11.5406987    595.59 1.0268E+05  0.2976  0.2977 5.5032E-04
 74  13.2325144    620.33 1.3161E+05  0.2974  0.2975 6.0583E-04
 75  15.1723428    646.08 1.6325E+05  0.2972  0.2973 6.6695E-04
 76  17.3965416    672.88 1.9424E+05  0.2969  0.2971 7.3427E-04
 77  19.9467982    700.76 2.2188E+05  0.2966  0.2967 8.0841E-04
 78  22.8709111    729.76 2.4522E+05  0.2962  0.2964 8.9008E-04
 79  26.2236862    759.91 2.6400E+05  0.2957  0.2960 9.8008E-04
 80  30.0679633    791.25 2.7774E+05  0.2952  0.2954 1.0793E-03
 81  35.4757946    830.80 2.8294E+05  0.2945  0.2949 1.2127E-03
 82  40.7001541    865.05 3.1466E+05  0.2936  0.2940 1.3362E-03
 83  47.1661551    903.27 3.0481E+05  0.2928  0.2932 1.4829E-03
 84  60.1449117    969.78 2.8391E+05  0.2913  0.2923 1.7612E-03
 85  75.0013841   1033.99 2.5143E+05  0.2895  0.2904 2.0599E-03
 86 100.0003074   1123.44 2.1853E+05  0.2869  0.2884 2.5280E-03
 87 125.2871804   1198.13 1.9102E+05  0.2842  0.2855 2.9697E-03
 88 150.0002039   1260.71 1.4970E+05  0.2817  0.2828 3.3789E-03
 89 200.0093950   1366.75 1.1426E+05  0.2787  0.2807 4.1559E-03
 90 250.0162382   1453.84 9.4153E+04  0.2753  0.2768 4.8838E-03
 91 300.5297946   1528.97 6.3242E+05  0.2725  0.2738 5.5823E-03
