 375.  3160.00   0.28 0.0 0.100E+06  0.00  1.00  1.00  Teff, grav(MKS), Y, f_sed, kz_min, [Fe/H], C/O, f_hole
  1   0.0001778    110.29 5.3509E-01  0.0000  0.0000 4.5510E-08
  2   0.0002113    110.15 6.8354E-01  0.3164 -0.0074 5.4152E-08
  3   0.0002512    110.11 8.4580E-01  0.3163 -0.0017 6.4373E-08
  4   0.0002985    110.40 8.5385E-01  0.3164  0.0150 7.6304E-08
  5   0.0003547    111.13 8.4391E-01  0.3168  0.0383 9.0081E-08
  6   0.0004216    112.05 8.4870E-01  0.3174  0.0477 1.0617E-07
  7   0.0005010    113.07 8.7286E-01  0.3179  0.0524 1.2504E-07
  8   0.0005954    114.15 9.2655E-01  0.3184  0.0549 1.4721E-07
  9   0.0007076    115.69 1.0256E+00  0.3189  0.0779 1.7262E-07
 10   0.0008410    116.05 1.1833E+00  0.3193  0.0181 2.0450E-07
 11   0.0009994    117.47 1.4519E+00  0.3197  0.0704 2.4012E-07
 12   0.0011878    118.89 1.9030E+00  0.3202  0.0693 2.8200E-07
 13   0.0014116    120.01 2.5028E+00  0.3207  0.0543 3.3204E-07
 14   0.0016776    117.18 2.9379E+00  0.3204 -0.1380 4.0400E-07
 15   0.0019937    113.78 3.0483E+00  0.3191 -0.1705 4.9431E-07
 16   0.0023694    108.39 2.9438E+00  0.3170 -0.2812 6.1657E-07
 17   0.0028159    110.61 2.8728E+00  0.3159  0.1172 7.1809E-07
 18   0.0033465    115.29 2.8934E+00  0.3181  0.2403 8.1887E-07
 19   0.0039771    110.39 2.6400E+00  0.3181 -0.2517 1.0162E-06
 20   0.0047265    112.14 2.2668E+00  0.3171  0.0910 1.1889E-06
 21   0.0056172    113.70 1.9589E+00  0.3181  0.0799 1.3936E-06
 22   0.0066756    117.37 2.3185E+00  0.3192  0.1842 1.6046E-06
 23   0.0079336    122.30 3.6225E+00  0.3209  0.2384 1.8305E-06
 24   0.0094285    127.92 4.7430E+00  0.3229  0.2603 2.0804E-06
 25   0.0112052    134.38 4.8192E+00  0.3238  0.2853 2.3539E-06
 26   0.0133167    140.61 4.8385E+00  0.3245  0.2623 2.6735E-06
 27   0.0158260    145.94 4.8273E+00  0.3248  0.2158 3.0611E-06
 28   0.0188082    150.85 4.8136E+00  0.3244  0.1916 3.5195E-06
 29   0.0223523    155.40 4.7954E+00  0.3240  0.1719 4.0605E-06
 30   0.0265643    159.60 4.8022E+00  0.3237  0.1547 4.6986E-06
 31   0.0315700    163.45 4.8386E+00  0.3231  0.1379 5.4527E-06
 32   0.0375189    166.96 4.8588E+00  0.3224  0.1233 6.3440E-06
 33   0.0445889    170.35 4.8588E+00  0.3217  0.1163 7.3900E-06
 34   0.0529910    173.64 4.8466E+00  0.3211  0.1110 8.6166E-06
 35   0.0629764    176.86 4.8217E+00  0.3206  0.1063 1.0055E-05
 36   0.0748435    180.08 4.7689E+00  0.3200  0.1044 1.1738E-05
 37   0.0889467    183.38 4.6886E+00  0.3192  0.1052 1.3700E-05
 38   0.1057074    186.86 4.5944E+00  0.3185  0.1089 1.5979E-05
 39   0.1256265    190.44 4.4859E+00  0.3177  0.1100 1.8635E-05
 40   0.1492991    194.13 4.3657E+00  0.3170  0.1110 2.1726E-05
 41   0.1774324    197.94 4.2367E+00  0.3162  0.1126 2.5323E-05
 42   0.2108671    201.83 4.1110E+00  0.3154  0.1129 2.9514E-05
 43   0.2506020    205.73 4.0097E+00  0.3146  0.1108 3.4413E-05
 44   0.2978245    209.59 3.9386E+00  0.3138  0.1077 4.0146E-05
 45   0.3539454    213.40 3.8804E+00  0.3131  0.1043 4.6862E-05
 46   0.4206415    217.25 3.8113E+00  0.3123  0.1036 5.4710E-05
 47   0.4999055    221.35 3.7185E+00  0.3115  0.1085 6.3821E-05
 48   0.5941057    225.95 3.5938E+00  0.3107  0.1190 7.4319E-05
 49   0.7060567    231.20 3.4275E+00  0.3099  0.1332 8.6346E-05
 50   0.8391032    237.50 3.1981E+00  0.3090  0.1556 9.9965E-05
 51   0.9972205    245.45 2.6661E+00  0.3079  0.1907 1.1516E-04
 52   1.1851328    257.56 2.2705E+00  0.3065  0.2790 1.3066E-04
 53   1.4084546    269.92 2.0420E+00  0.3051  0.2715 1.4821E-04
 54   1.6738583    282.47 0.0000E+00  0.3038  0.2633 1.6831E-04
 55   1.9892735    297.65 3.8145E+03  0.3027  0.3032 1.8981E-04
 56   2.3641244    313.59 1.3746E+04  0.3017  0.3022 2.1411E-04
 57   2.8096107    330.33 2.8814E+04  0.3009  0.3012 2.4156E-04
 58   3.3390427    347.92 4.6647E+04  0.3002  0.3006 2.7257E-04
 59   3.9682388    366.41 6.4518E+04  0.2997  0.2999 3.0758E-04
 60   4.7159981    385.85 7.8083E+04  0.2993  0.2995 3.4712E-04
 61   5.6046623    406.31 8.3031E+04  0.2990  0.2991 3.9177E-04
 62   6.6607828    427.82 7.6644E+04  0.2988  0.2989 4.4218E-04
 63   7.9159146    450.46 5.9710E+04  0.2986  0.2987 4.9909E-04
 64   9.4075584    474.28 3.4524E+04  0.2984  0.2985 5.6335E-04
 65  11.1802817    499.34 6.8878E+03  0.2983  0.2983 6.3589E-04
 66  13.2870500    525.72 1.7206E+00  0.2981  0.2982 7.1780E-04
 67  15.7908095    550.77 1.6677E+00  0.2979  0.2696 8.1426E-04
 68  18.7663676    575.52 1.6068E+00  0.2978  0.2546 9.2608E-04
 69  22.3026281    601.64 1.5407E+00  0.2976  0.2571 1.0528E-03
 70  26.5052477    630.30 0.0000E+00  0.2974  0.2695 1.1943E-03
 71  31.4997924    663.49 4.2026E+04  0.2971  0.2973 1.3484E-03
 72  37.4354894    698.38 1.0606E+05  0.2966  0.2969 1.5224E-03
 73  44.4896859    735.05 1.7526E+05  0.2962  0.2964 1.7190E-03
 74  52.8731474    773.57 2.3567E+05  0.2955  0.2959 1.9412E-03
 75  62.8363554    814.02 2.8426E+05  0.2949  0.2952 2.1923E-03
 76  74.6769912    856.46 4.0333E+05  0.2939  0.2944 2.4763E-03
 77  88.7488299    900.96 4.1558E+05  0.2929  0.2934 2.7976E-03
 78 105.4723105    947.61 4.0852E+05  0.2917  0.2924 3.1611E-03
 79 125.3470981    996.43 3.8090E+05  0.2903  0.2910 3.5727E-03
 80 148.9670125   1047.53 3.3994E+05  0.2888  0.2897 4.0387E-03
 81 177.0377708   1100.92 2.9472E+05  0.2871  0.2880 4.5669E-03
 82 210.3980724   1156.69 2.5374E+05  0.2853  0.2862 5.1658E-03
 83 250.0446581   1214.88 2.0375E+05  0.2833  0.2843 5.8454E-03
 84 297.1620905   1275.54 1.4787E+05  0.2812  0.2822 6.6167E-03
 85 353.1581467   1338.74 9.0299E+04  0.2790  0.2801 7.4926E-03
 86 419.7058796   1404.51 4.0014E+04  0.2767  0.2778 8.4881E-03
 87 498.7936057   1472.94 3.4299E+02  0.2743  0.2755 9.6199E-03
 88 592.7843120   1544.05 0.0000E+00  0.2719  0.2731 1.0908E-02
 89 704.4862575   1617.91 0.0000E+00  0.2695  0.2707 1.2376E-02
 90 837.2368785   1694.59 0.0000E+00  0.2670  0.2682 1.4050E-02
 91 995.0025047   1774.14 1.1210E+06  0.2645  0.2657 1.5966E-02
