 375.   562.00   0.28 0.0 0.100E+06  0.00  1.00  1.00  Teff, grav(MKS), Y, f_sed, kz_min, [Fe/H], C/O, f_hole
  1   0.0001778    105.82 1.0035E+00  0.0000  0.0000 4.7403E-08
  2   0.0002094    106.28 1.2475E+00  0.3133  0.0267 5.5585E-08
  3   0.0002467    106.97 1.6493E+00  0.3137  0.0393 6.5068E-08
  4   0.0002905    108.70 2.6229E+00  0.3146  0.0984 7.5409E-08
  5   0.0004030    109.43 2.8399E+00  0.3155  0.0202 1.0391E-07
  6   0.0004746    108.55 2.8655E+00  0.3155 -0.0493 1.2335E-07
  7   0.0005589    107.97 2.8872E+00  0.3149 -0.0328 1.4603E-07
  8   0.0006583    107.09 2.8826E+00  0.3144 -0.0500 1.7340E-07
  9   0.0007753    106.00 2.8405E+00  0.3137 -0.0624 2.0631E-07
 10   0.0009131    105.19 2.7641E+00  0.3130 -0.0465 2.4483E-07
 11   0.0010754    105.87 2.5996E+00  0.3129  0.0394 2.8650E-07
 12   0.0014916    107.43 2.4228E+00  0.3138  0.0446 3.9162E-07
 13   0.0017567    108.83 2.3002E+00  0.3149  0.0794 4.5528E-07
 14   0.0020690    109.27 2.1610E+00  0.3155  0.0245 5.3408E-07
 15   0.0028699    112.45 2.0641E+00  0.3168  0.0877 7.1989E-07
 16   0.0033800    112.38 1.9712E+00  0.3179 -0.0040 8.4838E-07
 17   0.0039807    116.67 2.9532E+00  0.3188  0.2288 9.6266E-07
 18   0.0046883    122.93 3.5002E+00  0.3209  0.3196 1.0765E-06
 19   0.0055216    129.58 2.7517E+00  0.3232  0.3221 1.2029E-06
 20   0.0065030    136.62 1.3504E+00  0.3240  0.3236 1.3436E-06
 21   0.0076589    144.07 1.3589E+00  0.3249  0.3244 1.5006E-06
 22   0.0090202    149.54 1.3313E+00  0.3245  0.2278 1.7027E-06
 23   0.0106235    154.09 1.3143E+00  0.3241  0.1830 1.9462E-06
 24   0.0125117    158.03 1.3020E+00  0.3238  0.1543 2.2350E-06
 25   0.0147356    161.66 1.2919E+00  0.3234  0.1388 2.5733E-06
 26   0.0173547    165.16 1.2830E+00  0.3227  0.1307 2.9668E-06
 27   0.0204394    168.61 1.2739E+00  0.3221  0.1266 3.4228E-06
 28   0.0240724    172.03 1.2656E+00  0.3214  0.1226 3.9516E-06
 29   0.0283511    175.35 1.2587E+00  0.3208  0.1170 4.5662E-06
 30   0.0333903    178.70 1.2509E+00  0.3203  0.1157 5.2776E-06
 31   0.0393253    182.19 1.2424E+00  0.3195  0.1181 6.0971E-06
 32   0.0463151    185.79 1.2342E+00  0.3187  0.1196 7.0419E-06
 33   0.0545473    189.48 1.2262E+00  0.3180  0.1203 8.1321E-06
 34   0.0642427    193.32 1.2175E+00  0.3171  0.1227 9.3875E-06
 35   0.0756614    197.32 1.2092E+00  0.3163  0.1251 1.0832E-05
 36   0.0891097    201.33 1.2033E+00  0.3155  0.1230 1.2504E-05
 37   0.1049483    205.27 1.2002E+00  0.3147  0.1182 1.4446E-05
 38   0.1236022    209.14 1.1979E+00  0.3139  0.1142 1.6700E-05
 39   0.1455717    213.14 1.1953E+00  0.3131  0.1159 1.9302E-05
 40   0.1714460    217.52 1.1920E+00  0.3123  0.1243 2.2281E-05
 41   0.2019194    222.37 1.1873E+00  0.3114  0.1347 2.5680E-05
 42   0.2378093    228.19 1.1802E+00  0.3105  0.1581 2.9497E-05
 43   0.2800783    235.93 1.1276E+00  0.3094  0.2038 3.3668E-05
 44   0.3298603    247.85 1.0857E+00  0.3079  0.3012 3.7802E-05
 45   0.3884908    259.09 1.0610E+00  0.3062  0.2711 4.2589E-05
 46   0.4575425    270.13 1.0451E+00  0.3050  0.2552 4.8107E-05
 47   0.5388676    281.70 1.0335E+00  0.3039  0.2563 5.4331E-05
 48   0.6346477    295.28 3.0458E+03  0.3028  0.2878 6.1043E-05
 49   0.7474521    310.26 1.1737E+04  0.3019  0.3024 6.8421E-05
 50   0.8803067    325.94 2.6357E+04  0.3010  0.3014 7.6705E-05
 51   1.0367754    342.38 4.6239E+04  0.3004  0.3007 8.6002E-05
 52   1.2210553    359.61 6.9927E+04  0.2998  0.3001 9.6435E-05
 53   1.4380897    377.68 9.4427E+04  0.2995  0.2996 1.0814E-04
 54   1.6937006    396.63 1.1549E+05  0.2991  0.2993 1.2128E-04
 55   1.9947446    416.51 1.2865E+05  0.2989  0.2990 1.3602E-04
 56   2.3492971    437.37 1.3106E+05  0.2987  0.2988 1.5255E-04
 57   2.7668690    459.27 1.2281E+05  0.2985  0.2986 1.7110E-04
 58   3.2586615    482.25 1.0506E+05  0.2983  0.2984 1.9191E-04
 59   3.8378669    506.36 8.4615E+04  0.2982  0.2983 2.1526E-04
 60   4.5200221    531.67 6.8044E+04  0.2981  0.2981 2.4145E-04
 61   5.3234259    558.24 6.1945E+04  0.2979  0.2980 2.7083E-04
 62   6.2696293    586.11 7.2564E+04  0.2977  0.2978 3.0380E-04
 63   7.3840142    615.35 1.0297E+05  0.2975  0.2976 3.4080E-04
 64   8.6964734    646.03 1.5188E+05  0.2973  0.2974 3.8231E-04
 65  10.2422136    678.20 2.0989E+05  0.2969  0.2971 4.2891E-04
 66  12.0626988    711.93 2.6596E+05  0.2965  0.2967 4.8121E-04
 67  14.2067631    747.29 3.1300E+05  0.2960  0.2963 5.3991E-04
 68  16.7319205    784.32 3.4650E+05  0.2953  0.2957 6.0584E-04
 69  19.7059078    823.11 3.6500E+05  0.2947  0.2950 6.7989E-04
 70  23.2085015    863.69 4.1398E+05  0.2937  0.2942 7.6311E-04
 71  27.3336579    906.14 4.0113E+05  0.2928  0.2933 8.5667E-04
 72  32.1920333    950.52 3.6978E+05  0.2916  0.2922 9.6182E-04
 73  37.9139526    996.85 3.2527E+05  0.2903  0.2909 1.0801E-03
 74  44.6529048   1045.23 2.7157E+05  0.2889  0.2897 1.2132E-03
 75  52.5896609   1095.66 2.1168E+05  0.2872  0.2880 1.3630E-03
 76  61.9371225   1148.22 1.5011E+05  0.2856  0.2864 1.5319E-03
 77  72.9460331   1202.95 8.5859E+04  0.2836  0.2846 1.7221E-03
 78  85.9117041   1259.89 1.5339E+04  0.2817  0.2827 1.9366E-03
 79 101.1819366   1319.09 0.0000E+00  0.2796  0.2807 2.1784E-03
 80 119.1663512   1380.59 0.0000E+00  0.2774  0.2785 2.4513E-03
 81 140.3473755   1444.44 0.0000E+00  0.2753  0.2763 2.7592E-03
 82 165.2931857   1510.68 0.0000E+00  0.2729  0.2741 3.1071E-03
 83 194.6729474   1579.37 0.0000E+00  0.2706  0.2718 3.5000E-03
 84 229.2747657   1650.56 0.0000E+00  0.2683  0.2695 3.9442E-03
 85 270.0268266   1724.28 0.0000E+00  0.2659  0.2671 4.4468E-03
 86 318.0222945   1800.59 7.7159E+04  0.2635  0.2647 5.0162E-03
 87 374.5486369   1879.55 2.1557E+05  0.2610  0.2623 5.6618E-03
 88 441.0012665   1961.02 3.4031E+05  0.2586  0.2598 6.3932E-03
 89 511.0003421   2036.81 4.6543E+05  0.2563  0.2574 7.1374E-03
 90 580.0024367   2103.68 5.4911E+05  0.2540  0.2551 7.8496E-03
 91 650.1221597   2165.31 1.1210E+06  0.2520  0.2530 8.5552E-03
