 400.    17.80   0.28 0.0 0.100E+06  0.00  1.00  1.00  Teff, grav(MKS), Y, f_sed, kz_min, [Fe/H], C/O, f_hole
  1   0.0001778    118.96 4.7976E+01  0.0000  0.0000 4.2193E-08
  2   0.0002113    120.50 5.8496E+01  0.3208  0.0745 4.9501E-08
  3   0.0002512    122.38 7.3797E+01  0.3215  0.0895 5.7945E-08
  4   0.0002985    124.58 6.5587E+01  0.3223  0.1036 6.7637E-08
  5   0.0003547    127.12 5.8067E+01  0.3232  0.1167 7.8769E-08
  6   0.0004216    130.04 5.3404E+01  0.3235  0.1314 9.1523E-08
  7   0.0005010    133.38 5.0134E+01  0.3239  0.1474 1.0603E-07
  8   0.0005954    137.15 4.7692E+01  0.3243  0.1614 1.2255E-07
  9   0.0007076    141.26 4.5832E+01  0.3247  0.1708 1.4141E-07
 10   0.0008410    145.55 4.4401E+01  0.3248  0.1734 1.6311E-07
 11   0.0009994    149.59 4.3282E+01  0.3245  0.1588 1.8860E-07
 12   0.0011878    153.05 4.2380E+01  0.3242  0.1321 2.1912E-07
 13   0.0014116    156.16 4.1633E+01  0.3239  0.1169 2.5523E-07
 14   0.0016776    159.60 4.1027E+01  0.3237  0.1261 2.9684E-07
 15   0.0019937    163.57 4.0550E+01  0.3230  0.1422 3.4426E-07
 16   0.0023694    167.54 4.0177E+01  0.3223  0.1388 3.9948E-07
 17   0.0028159    171.28 3.9888E+01  0.3216  0.1281 4.6441E-07
 18   0.0033465    174.76 3.9663E+01  0.3210  0.1165 5.4095E-07
 19   0.0039771    178.14 3.9485E+01  0.3204  0.1109 6.3070E-07
 20   0.0047265    181.58 3.9346E+01  0.3197  0.1107 7.3536E-07
 21   0.0056172    185.19 3.9253E+01  0.3189  0.1139 8.5697E-07
 22   0.0066756    189.07 3.9241E+01  0.3181  0.1203 9.9762E-07
 23   0.0079336    193.25 3.9358E+01  0.3172  0.1267 1.1602E-06
 24   0.0094285    197.77 3.9546E+01  0.3163  0.1339 1.3478E-06
 25   0.0112052    202.24 3.9290E+01  0.3154  0.1296 1.5672E-06
 26   0.0133167    207.75 3.8720E+01  0.3143  0.1557 1.8154E-06
 27   0.0158260    215.52 3.8497E+01  0.3130  0.2125 2.0836E-06
 28   0.0188082    226.24 3.8515E+01  0.3112  0.2812 2.3616E-06
 29   0.0223523    236.83 3.8560E+01  0.3095  0.2650 2.6806E-06
 30   0.0265643    246.98 3.8599E+01  0.3079  0.2430 3.0549E-06
 31   0.0315700    257.01 3.8630E+01  0.3064  0.2306 3.4888E-06
 32   0.0375189    267.16 3.8655E+01  0.3053  0.2245 3.9886E-06
 33   0.0445889    277.80 3.8676E+01  0.3042  0.2261 4.5588E-06
 34   0.0529910    289.29 3.8692E+01  0.3032  0.2348 5.2026E-06
 35   0.0629764    301.97 1.9114E+02  0.3024  0.2486 5.9230E-06
 36   0.0748435    318.13 7.5460E+03  0.3014  0.3020 6.6816E-06
 37   0.0889467    335.10 2.3526E+04  0.3007  0.3010 7.5385E-06
 38   0.1057074    352.94 4.9250E+04  0.3001  0.3004 8.5063E-06
 39   0.1256265    371.68 8.5169E+04  0.2996  0.2998 9.5993E-06
 40   0.1492991    391.40 1.2947E+05  0.2992  0.2994 1.0834E-05
 41   0.1774324    412.14 1.7777E+05  0.2989  0.2991 1.2227E-05
 42   0.2108671    433.95 2.2401E+05  0.2987  0.2988 1.3800E-05
 43   0.2506020    456.91 2.6240E+05  0.2985  0.2986 1.5577E-05
 44   0.2978245    481.07 2.8871E+05  0.2984  0.2984 1.7583E-05
 45   0.3539454    506.49 3.0229E+05  0.2982  0.2983 1.9847E-05
 46   0.4206415    533.24 3.1198E+05  0.2981  0.2981 2.2402E-05
 47   0.4999055    561.39 3.2782E+05  0.2979  0.2980 2.5288E-05
 48   0.5941057    591.01 3.5636E+05  0.2977  0.2978 2.8546E-05
 49   0.7060567    622.16 4.0442E+05  0.2974  0.2976 3.2227E-05
 50   0.8391032    654.93 4.6883E+05  0.2972  0.2973 3.6384E-05
 51   0.9972205    689.38 5.4042E+05  0.2968  0.2970 4.1079E-05
 52   1.1851328    725.60 6.1284E+05  0.2963  0.2966 4.6382E-05
 53   1.4084546    763.64 6.7683E+05  0.2957  0.2960 5.2375E-05
 54   1.6738583    803.59 7.2164E+05  0.2951  0.2954 5.9150E-05
 55   1.9892735    845.53 7.4868E+05  0.2942  0.2947 6.6810E-05
 56   2.3641244    889.50 7.4842E+05  0.2932  0.2937 7.5474E-05
 57   2.8096107    935.61 7.2441E+05  0.2920  0.2927 8.5279E-05
 58   3.3390427    983.87 6.8495E+05  0.2907  0.2914 9.6376E-05
 59   3.9682388   1034.39 6.3119E+05  0.2893  0.2900 1.0895E-04
 60   4.7159981   1087.19 5.5651E+05  0.2875  0.2884 1.2318E-04
 61   5.6046623   1142.35 4.6309E+05  0.2858  0.2867 1.3931E-04
 62   6.6607828   1199.93 3.5868E+05  0.2838  0.2848 1.5759E-04
 63   7.9159146   1259.95 2.6309E+05  0.2817  0.2828 1.7834E-04
 64   9.4075584   1322.51 1.6938E+05  0.2795  0.2807 2.0194E-04
 65  11.1802817   1387.62 4.7954E+04  0.2772  0.2784 2.2870E-04
 66  13.2870500   1455.36 0.0000E+00  0.2749  0.2761 2.5906E-04
 67  15.7908095   1525.77 0.0000E+00  0.2724  0.2737 2.9362E-04
 68  18.7663676   1598.90 0.0000E+00  0.2699  0.2712 3.3299E-04
 69  22.3026281   1674.80 7.1563E+04  0.2673  0.2687 3.7785E-04
 70  26.5052477   1753.50 2.6571E+05  0.2646  0.2660 4.2897E-04
 71  31.4997924   1835.06 5.0156E+05  0.2619  0.2634 4.8726E-04
 72  37.4354894   1919.44 7.3363E+05  0.2588  0.2604 5.5371E-04
 73  44.4896859   2006.66 9.6950E+05  0.2559  0.2574 6.2950E-04
 74  52.8731474   2096.74 1.1310E+06  0.2523  0.2544 7.1613E-04
 75  62.8363554   2189.42 1.2234E+06  0.2485  0.2505 8.1524E-04
 76  74.6769912   2284.81 1.2803E+06  0.2451  0.2470 9.2863E-04
 77  88.7488299   2382.63 1.3087E+06  0.2401  0.2428 1.0582E-03
 78 105.4723105   2482.64 1.3336E+06  0.2356  0.2382 1.2064E-03
 79 125.3470981   2584.97 1.3554E+06  0.2310  0.2340 1.3763E-03
 80 148.9670125   2689.05 1.3735E+06  0.2253  0.2286 1.5709E-03
 81 177.0377708   2794.78 1.3884E+06  0.2203  0.2234 1.7953E-03
 82 210.3980724   2902.32 1.4011E+06  0.2152  0.2187 2.0519E-03
 83 250.0446581   3011.18 1.4115E+06  0.2097  0.2133 2.3486E-03
 84 297.1620905   3121.33 1.4201E+06  0.2047  0.2081 2.6883E-03
 85 353.1581467   3232.95 1.4271E+06  0.2003  0.2035 3.0834E-03
 86 419.7058796   3346.05 1.4328E+06  0.1959  0.1992 3.5360E-03
 87 498.7936057   3460.55 1.4373E+06  0.1918  0.1949 4.0639E-03
 88 592.7843120   3576.64 1.4408E+06  0.1881  0.1911 4.6745E-03
 89 704.4862575   3694.57 1.4434E+06  0.1853  0.1879 5.3888E-03
 90 837.2368785   3814.57 1.4454E+06  0.1826  0.1851 6.2243E-03
 91 995.0025047   3936.78 1.4512E+06  0.1802  0.1827 7.2101E-03
