 425.    31.60   0.28 0.0 0.100E+06  0.00  1.00  1.00  Teff, grav(MKS), Y, f_sed, kz_min, [Fe/H], C/O, f_hole
  1   0.0001778    121.07 3.7087E+01  0.0000  0.0000 4.1462E-08
  2   0.0002113    122.48 4.5764E+01  0.3216  0.0670 4.8709E-08
  3   0.0002512    124.20 5.7779E+01  0.3222  0.0810 5.7084E-08
  4   0.0002985    126.31 5.2224E+01  0.3230  0.0974 6.6709E-08
  5   0.0003547    128.80 4.6250E+01  0.3234  0.1132 7.7745E-08
  6   0.0004216    131.70 4.2123E+01  0.3237  0.1290 9.0359E-08
  7   0.0005010    135.04 3.9101E+01  0.3241  0.1447 1.0474E-07
  8   0.0005954    138.74 3.6846E+01  0.3245  0.1566 1.2115E-07
  9   0.0007076    142.72 3.5179E+01  0.3249  0.1638 1.3997E-07
 10   0.0008410    146.90 3.3934E+01  0.3247  0.1674 1.6161E-07
 11   0.0009994    150.93 3.2951E+01  0.3243  0.1568 1.8694E-07
 12   0.0011878    154.62 3.2151E+01  0.3241  0.1400 2.1689E-07
 13   0.0014116    158.00 3.1497E+01  0.3238  0.1253 2.5229E-07
 14   0.0016776    161.67 3.0968E+01  0.3234  0.1329 2.9307E-07
 15   0.0019937    165.61 3.0549E+01  0.3227  0.1393 3.4005E-07
 16   0.0023694    169.47 3.0222E+01  0.3219  0.1337 3.9494E-07
 17   0.0028159    173.17 2.9967E+01  0.3213  0.1250 4.5936E-07
 18   0.0033465    176.67 2.9768E+01  0.3206  0.1160 5.3511E-07
 19   0.0039771    180.07 2.9612E+01  0.3200  0.1105 6.2393E-07
 20   0.0047265    183.42 2.9495E+01  0.3192  0.1067 7.2800E-07
 21   0.0056172    186.84 2.9421E+01  0.3185  0.1069 8.4943E-07
 22   0.0066756    190.44 2.9410E+01  0.3177  0.1106 9.9051E-07
 23   0.0079336    194.46 2.9460E+01  0.3169  0.1211 1.1531E-06
 24   0.0094285    198.79 2.9457E+01  0.3161  0.1274 1.3410E-06
 25   0.0112052    203.27 2.9155E+01  0.3152  0.1291 1.5597E-06
 26   0.0133167    209.31 2.8881E+01  0.3141  0.1696 1.8029E-06
 27   0.0158260    217.42 2.8853E+01  0.3127  0.2203 2.0663E-06
 28   0.0188082    227.52 2.8897E+01  0.3110  0.2630 2.3482E-06
 29   0.0223523    237.36 2.8930E+01  0.3093  0.2451 2.6747E-06
 30   0.0265643    246.88 2.8957E+01  0.3078  0.2279 3.0560E-06
 31   0.0315700    256.41 2.8976E+01  0.3064  0.2193 3.4969E-06
 32   0.0375189    265.98 2.8991E+01  0.3054  0.2123 4.0063E-06
 33   0.0445889    275.83 2.9001E+01  0.3044  0.2106 4.5913E-06
 34   0.0529910    286.20 2.9009E+01  0.3034  0.2139 5.2587E-06
 35   0.0629764    297.42 2.9014E+01  0.3026  0.2226 6.0138E-06
 36   0.0748435    309.76 2.9018E+01  0.3018  0.2355 6.8622E-06
 37   0.0889467    324.30 2.7250E+03  0.3010  0.2658 7.7895E-06
 38   0.1057074    341.59 1.4533E+04  0.3005  0.3008 8.7889E-06
 39   0.1256265    359.76 3.7001E+04  0.2998  0.3002 9.9176E-06
 40   0.1492991    378.85 7.0925E+04  0.2994  0.2996 1.1192E-05
 41   0.1774324    398.94 1.1485E+05  0.2991  0.2993 1.2631E-05
 42   0.2108671    420.07 1.6455E+05  0.2988  0.2989 1.4257E-05
 43   0.2506020    442.30 2.1358E+05  0.2986  0.2987 1.6091E-05
 44   0.2978245    465.70 2.5415E+05  0.2985  0.2985 1.8163E-05
 45   0.3539454    490.31 2.8024E+05  0.2983  0.2984 2.0502E-05
 46   0.4206415    516.22 2.9239E+05  0.2982  0.2982 2.3142E-05
 47   0.4999055    543.48 2.9888E+05  0.2980  0.2981 2.6122E-05
 48   0.5941057    572.16 3.0905E+05  0.2978  0.2979 2.9487E-05
 49   0.7060567    602.34 3.3268E+05  0.2976  0.2977 3.3288E-05
 50   0.8391032    634.08 3.7688E+05  0.2973  0.2975 3.7580E-05
 51   0.9972205    667.46 4.3665E+05  0.2970  0.2972 4.2429E-05
 52   1.1851328    702.56 5.1207E+05  0.2966  0.2968 4.7903E-05
 53   1.4084546    739.44 5.9727E+05  0.2961  0.2964 5.4089E-05
 54   1.6738583    778.18 6.7598E+05  0.2955  0.2958 6.1082E-05
 55   1.9892735    818.86 7.3275E+05  0.2948  0.2951 6.8986E-05
 56   2.3641244    861.54 7.7384E+05  0.2938  0.2943 7.7925E-05
 57   2.8096107    906.29 7.6470E+05  0.2928  0.2933 8.8036E-05
 58   3.3390427    953.18 7.2758E+05  0.2915  0.2922 9.9479E-05
 59   3.9682388   1002.27 6.6778E+05  0.2902  0.2909 1.1243E-04
 60   4.7159981   1053.63 5.7893E+05  0.2886  0.2895 1.2711E-04
 61   5.6046623   1107.30 4.5986E+05  0.2869  0.2878 1.4373E-04
 62   6.6607828   1163.35 3.1711E+05  0.2851  0.2860 1.6256E-04
 63   7.9159146   1221.82 1.7463E+05  0.2830  0.2841 1.8393E-04
 64   9.4075584   1282.78 4.8937E+04  0.2810  0.2820 2.0822E-04
 65  11.1802817   1346.27 2.8568E+01  0.2787  0.2798 2.3575E-04
 66  13.2870500   1408.29 2.8768E+01  0.2764  0.2609 2.6776E-04
 67  15.7908095   1469.46 2.8791E+01  0.2743  0.2463 3.0490E-04
 68  18.7663676   1532.29 2.8812E+01  0.2720  0.2425 3.4748E-04
 69  22.3026281   1598.10 2.9489E+01  0.2698  0.2436 3.9599E-04
 70  26.5052477   1669.23 1.1177E+04  0.2674  0.2523 4.5061E-04
 71  31.4997924   1747.74 2.1728E+05  0.2649  0.2662 5.1149E-04
 72  37.4354894   1829.11 5.2579E+05  0.2622  0.2636 5.8082E-04
 73  44.4896859   1913.32 8.2680E+05  0.2592  0.2607 6.6005E-04
 74  52.8731474   2000.38 1.1409E+06  0.2562  0.2578 7.5044E-04
 75  62.8363554   2090.36 1.3750E+06  0.2528  0.2549 8.5364E-04
 76  74.6769912   2182.98 1.5258E+06  0.2492  0.2511 9.7169E-04
 77  88.7488299   2278.34 1.6151E+06  0.2458  0.2477 1.1068E-03
 78 105.4723105   2376.26 1.6523E+06  0.2411  0.2438 1.2609E-03
 79 125.3470981   2476.45 1.6881E+06  0.2367  0.2392 1.4374E-03
 80 148.9670125   2579.04 1.7176E+06  0.2324  0.2351 1.6395E-03
 81 177.0377708   2683.58 1.7423E+06  0.2269  0.2302 1.8711E-03
 82 210.3980724   2789.86 1.7627E+06  0.2219  0.2250 2.1380E-03
 83 250.0446581   2898.10 1.7801E+06  0.2172  0.2205 2.4434E-03
 84 297.1620905   3007.81 1.7944E+06  0.2118  0.2152 2.7964E-03
 85 353.1581467   3118.94 1.8062E+06  0.2069  0.2101 3.2007E-03
 86 419.7058796   3231.73 1.8160E+06  0.2026  0.2058 3.6706E-03
 87 498.7936057   3346.04 1.8238E+06  0.1981  0.2013 4.2102E-03
 88 592.7843120   3461.88 1.8301E+06  0.1941  0.1971 4.8395E-03
 89 704.4862575   3579.46 1.8349E+06  0.1906  0.1935 5.5689E-03
 90 837.2368785   3698.91 1.8386E+06  0.1875  0.1902 6.4235E-03
 91 995.0025047   3820.56 1.8495E+06  0.1849  0.1874 7.4256E-03
