 450.   562.00   0.28 0.0 0.100E+06  0.00  1.00  1.00  Teff, grav(MKS), Y, f_sed, kz_min, [Fe/H], C/O, f_hole
  1   0.0001778    126.46 5.7638E+00  0.0000  0.0000 3.9695E-08
  2   0.0002091    125.82 7.1737E+00  0.3232 -0.0317 4.6910E-08
  3   0.0002458    124.61 8.6537E+00  0.3229 -0.0596 5.5688E-08
  4   0.0002890    123.55 8.3448E+00  0.3225 -0.0528 6.6035E-08
  5   0.0003398    122.84 7.8959E+00  0.3222 -0.0357 7.8089E-08
  6   0.0003995    122.59 7.5269E+00  0.3220 -0.0124 9.1995E-08
  7   0.0004697    122.79 7.1781E+00  0.3220  0.0098 1.0799E-07
  8   0.0005522    123.41 6.8267E+00  0.3221  0.0313 1.2632E-07
  9   0.0006493    124.45 6.4665E+00  0.3225  0.0520 1.4728E-07
 10   0.0007634    125.91 6.1022E+00  0.3229  0.0721 1.7115E-07
 11   0.0008975    127.77 5.7461E+00  0.3233  0.0903 1.9830E-07
 12   0.0010552    130.07 5.4081E+00  0.3236  0.1103 2.2901E-07
 13   0.0012406    132.81 5.0916E+00  0.3239  0.1287 2.6370E-07
 14   0.0014586    135.95 4.7986E+00  0.3242  0.1446 3.0287E-07
 15   0.0017150    139.41 4.5319E+00  0.3246  0.1550 3.4726E-07
 16   0.0020163    143.03 4.2980E+00  0.3250  0.1586 3.9793E-07
 17   0.0023706    146.80 4.1069E+00  0.3247  0.1605 4.5586E-07
 18   0.0027872    150.61 3.9596E+00  0.3244  0.1585 5.2240E-07
 19   0.0032769    154.32 3.8451E+00  0.3241  0.1503 5.9946E-07
 20   0.0038528    157.96 3.7533E+00  0.3238  0.1437 6.8864E-07
 21   0.0045298    161.57 3.6800E+00  0.3234  0.1399 7.9160E-07
 22   0.0053257    165.11 3.6224E+00  0.3227  0.1339 9.1087E-07
 23   0.0062616    168.48 3.5769E+00  0.3221  0.1246 1.0497E-06
 24   0.0073618    171.82 3.5408E+00  0.3215  0.1212 1.2104E-06
 25   0.0086554    175.12 3.5120E+00  0.3209  0.1177 1.3963E-06
 26   0.0101764    178.40 3.4884E+00  0.3203  0.1146 1.6114E-06
 27   0.0119646    181.58 3.4681E+00  0.3196  0.1092 1.8613E-06
 28   0.0140670    184.70 3.4501E+00  0.3189  0.1051 2.1516E-06
 29   0.0165388    187.81 3.4334E+00  0.3183  0.1032 2.4878E-06
 30   0.0194450    190.87 3.4159E+00  0.3176  0.0999 2.8781E-06
 31   0.0228619    193.94 3.3972E+00  0.3169  0.0986 3.3305E-06
 32   0.0268792    197.21 3.3815E+00  0.3163  0.1034 3.8510E-06
 33   0.0316023    200.77 3.3766E+00  0.3156  0.1103 4.4481E-06
 34   0.0371555    204.46 3.4072E+00  0.3148  0.1127 5.1361E-06
 35   0.0436844    208.37 3.5250E+00  0.3141  0.1170 5.9269E-06
 36   0.0513607    212.49 3.6896E+00  0.3133  0.1209 6.8362E-06
 37   0.0603857    217.24 3.7221E+00  0.3124  0.1365 7.8676E-06
 38   0.0709967    222.52 3.5484E+00  0.3114  0.1484 9.0407E-06
 39   0.0834722    229.43 3.3904E+00  0.3103  0.1889 1.0331E-05
 40   0.0981399    238.73 3.3094E+00  0.3091  0.2454 1.1677E-05
 41   0.1153850    247.84 3.2646E+00  0.3077  0.2313 1.3223E-05
 42   0.1356603    256.57 3.2404E+00  0.3064  0.2138 1.5017E-05
 43   0.1594985    265.19 3.2290E+00  0.3054  0.2042 1.7082E-05
 44   0.1875255    273.84 3.2252E+00  0.3045  0.1981 1.9450E-05
 45   0.2204774    282.69 3.2263E+00  0.3036  0.1966 2.2151E-05
 46   0.2592196    291.96 3.2304E+00  0.3029  0.1992 2.5217E-05
 47   0.3047696    301.84 3.2359E+00  0.3023  0.2057 2.8676E-05
 48   0.3583235    312.46 3.2417E+00  0.3016  0.2137 3.2569E-05
 49   0.4212880    324.07 3.2472E+00  0.3010  0.2252 3.6921E-05
 50   0.4953165    336.96 3.2519E+00  0.3005  0.2410 4.1748E-05
 51   0.5823532    352.20 4.1975E+03  0.3001  0.2733 4.6960E-05
 52   0.6846841    369.72 1.8710E+04  0.2996  0.2998 5.2596E-05
 53   0.8049964    388.08 4.1919E+04  0.2993  0.2994 5.8912E-05
 54   0.9464500    407.33 7.0624E+04  0.2989  0.2991 6.5990E-05
 55   1.1127598    427.52 9.9432E+04  0.2988  0.2989 7.3922E-05
 56   1.3082934    448.70 1.2357E+05  0.2986  0.2987 8.2809E-05
 57   1.5381861    470.92 1.3715E+05  0.2984  0.2985 9.2768E-05
 58   1.8084754    494.22 1.3581E+05  0.2983  0.2983 1.0393E-04
 59   2.1262599    518.66 1.2004E+05  0.2981  0.2982 1.1643E-04
 60   2.4998852    544.30 9.3668E+04  0.2980  0.2981 1.3044E-04
 61   2.9391639    571.19 6.3911E+04  0.2978  0.2979 1.4614E-04
 62   3.4556323    599.39 3.9218E+04  0.2976  0.2977 1.6374E-04
 63   4.0628544    628.97 3.0259E+04  0.2974  0.2975 1.8345E-04
 64   4.7767772    659.97 4.5105E+04  0.2971  0.2973 2.0555E-04
 65   5.6161503    692.47 8.8187E+04  0.2967  0.2969 2.3033E-04
 66   6.6030175    726.52 1.5526E+05  0.2963  0.2965 2.5810E-04
 67   7.7632966    762.18 2.3409E+05  0.2957  0.2960 2.8926E-04
 68   9.1274594    799.51 3.0685E+05  0.2951  0.2954 3.2421E-04
 69  10.7313322    838.58 3.5942E+05  0.2943  0.2948 3.6342E-04
 70  12.6170368    879.44 4.0345E+05  0.2934  0.2938 4.0742E-04
 71  14.8340965    922.14 3.8874E+05  0.2924  0.2929 4.5681E-04
 72  17.4407368    966.74 3.3393E+05  0.2911  0.2918 5.1231E-04
 73  20.5054148   1013.29 2.4573E+05  0.2898  0.2905 5.7467E-04
 74  24.1086165   1061.84 1.2682E+05  0.2883  0.2891 6.4478E-04
 75  28.3449711   1112.43 0.0000E+00  0.2867  0.2875 7.2363E-04
 76  33.3257360   1165.12 3.4763E+00  0.2850  0.2859 8.1230E-04
 77  39.1817184   1214.99 3.4076E+00  0.2831  0.2589 9.1581E-04
 78  46.0667113   1264.04 3.4099E+00  0.2814  0.2445 1.0349E-03
 79  54.1615319   1313.26 3.4145E+00  0.2796  0.2359 1.1712E-03
 80  63.6787704   1363.45 3.4203E+00  0.2778  0.2317 1.3262E-03
 81  74.8683736   1415.22 3.4243E+00  0.2760  0.2302 1.5022E-03
 82  88.0242086   1469.14 3.4333E+00  0.2742  0.2310 1.7014E-03
 83 103.4917806   1525.73 3.4353E+00  0.2722  0.2335 1.9262E-03
 84 121.6773069   1585.17 3.4367E+00  0.2703  0.2361 2.1796E-03
 85 143.0583854   1647.95 3.4360E+00  0.2682  0.2400 2.4646E-03
 86 168.1965367   1715.03 0.0000E+00  0.2660  0.2465 2.7841E-03
 87 197.7519520   1790.20 2.5607E+05  0.2638  0.2650 3.1356E-03
 88 232.5008307   1867.93 5.2818E+05  0.2613  0.2626 3.5334E-03
 89 273.3557659   1948.25 8.1032E+05  0.2588  0.2601 3.9842E-03
 90 321.3897109   2031.21 1.1340E+06  0.2564  0.2576 4.4948E-03
 91 377.8641578   2116.82 2.3245E+06  0.2536  0.2550 5.0738E-03
