 500.   100.00   0.28 0.0 0.100E+06  0.00  1.00  1.00  Teff, grav(MKS), Y, f_sed, kz_min, [Fe/H], C/O, f_hole
  1   0.0001778    143.61 4.7295E+01  0.0000  0.0000 3.4958E-08
  2   0.0002060    144.18 5.7162E+01  0.3247  0.0268 4.0334E-08
  3   0.0002386    144.79 6.8917E+01  0.3247  0.0289 4.6521E-08
  4   0.0002764    145.63 6.4474E+01  0.3246  0.0394 5.3576E-08
  5   0.0003201    146.68 5.9092E+01  0.3246  0.0490 6.1614E-08
  6   0.0003708    148.02 5.4492E+01  0.3245  0.0617 7.0725E-08
  7   0.0004295    149.67 5.0426E+01  0.3244  0.0756 8.1021E-08
  8   0.0004975    151.60 4.6887E+01  0.3242  0.0870 9.2659E-08
  9   0.0005763    153.81 4.3885E+01  0.3241  0.0985 1.0579E-07
 10   0.0006675    156.30 4.1413E+01  0.3239  0.1093 1.2061E-07
 11   0.0007732    159.00 3.9429E+01  0.3237  0.1166 1.3735E-07
 12   0.0008956    162.02 3.7840E+01  0.3232  0.1279 1.5615E-07
 13   0.0010374    165.29 3.6564E+01  0.3227  0.1358 1.7730E-07
 14   0.0012016    168.50 3.5536E+01  0.3221  0.1308 2.0145E-07
 15   0.0013918    171.54 3.4711E+01  0.3215  0.1218 2.2921E-07
 16   0.0016122    174.40 3.4047E+01  0.3210  0.1124 2.6116E-07
 17   0.0018674    177.03 3.3499E+01  0.3205  0.1020 2.9801E-07
 18   0.0021631    179.51 3.3036E+01  0.3200  0.0945 3.4044E-07
 19   0.0025055    181.97 3.2639E+01  0.3195  0.0928 3.8901E-07
 20   0.0029022    184.56 3.2287E+01  0.3189  0.0959 4.4433E-07
 21   0.0033617    187.24 3.1947E+01  0.3183  0.0982 5.0736E-07
 22   0.0038939    189.87 3.1518E+01  0.3178  0.0950 5.7961E-07
 23   0.0045104    192.47 3.0967E+01  0.3172  0.0924 6.6243E-07
 24   0.0052245    195.38 3.0541E+01  0.3166  0.1020 7.5609E-07
 25   0.0060516    198.78 3.0530E+01  0.3160  0.1173 8.6121E-07
 26   0.0070097    202.40 3.1015E+01  0.3152  0.1229 9.8035E-07
 27   0.0081194    206.01 3.1640E+01  0.3145  0.1204 1.1168E-06
 28   0.0094049    211.81 3.1685E+01  0.3136  0.1889 1.2606E-06
 29   0.0108938    219.25 3.1490E+01  0.3123  0.2350 1.4112E-06
 30   0.0126185    226.65 3.1326E+01  0.3109  0.2256 1.5814E-06
 31   0.0146163    233.65 3.1194E+01  0.3097  0.2070 1.7767E-06
 32   0.0169303    240.36 3.1087E+01  0.3086  0.1926 2.0006E-06
 33   0.0196107    246.92 3.0998E+01  0.3076  0.1832 2.2557E-06
 34   0.0227154    253.43 3.0924E+01  0.3066  0.1771 2.5458E-06
 35   0.0263117    259.99 3.0860E+01  0.3059  0.1739 2.8744E-06
 36   0.0304773    266.73 3.0805E+01  0.3052  0.1742 3.2453E-06
 37   0.0353024    273.72 3.0758E+01  0.3044  0.1760 3.6631E-06
 38   0.0408914    280.96 3.0719E+01  0.3037  0.1775 4.1337E-06
 39   0.0473653    288.46 3.0686E+01  0.3031  0.1793 4.6636E-06
 40   0.0548641    296.27 3.0659E+01  0.3026  0.1817 5.2595E-06
 41   0.0635501    304.44 3.0637E+01  0.3021  0.1853 5.9284E-06
 42   0.0736112    313.08 3.0619E+01  0.3015  0.1904 6.6775E-06
 43   0.0852652    322.32 3.0604E+01  0.3010  0.1977 7.5131E-06
 44   0.0987642    332.33 3.0593E+01  0.3007  0.2081 8.4405E-06
 45   0.1144004    343.24 3.0584E+01  0.3003  0.2198 9.4659E-06
 46   0.1325121    355.19 3.0577E+01  0.2999  0.2329 1.0596E-05
 47   0.1534912    368.38 3.0572E+01  0.2996  0.2480 1.1834E-05
 48   0.1777916    384.25 7.8709E+03  0.2993  0.2871 1.3141E-05
 49   0.2059393    401.52 2.6756E+04  0.2990  0.2992 1.4567E-05
 50   0.2385432    419.56 5.5355E+04  0.2988  0.2989 1.6148E-05
 51   0.2763089    438.39 9.1011E+04  0.2987  0.2987 1.7901E-05
 52   0.3200537    458.05 1.2843E+05  0.2985  0.2986 1.9844E-05
 53   0.3707240    478.59 1.6258E+05  0.2984  0.2984 2.2000E-05
 54   0.4294164    500.04 1.8738E+05  0.2982  0.2983 2.4389E-05
 55   0.4974009    522.44 1.9923E+05  0.2981  0.2982 2.7039E-05
 56   0.5761485    545.83 1.9842E+05  0.2980  0.2980 2.9977E-05
 57   0.6673633    570.26 1.8707E+05  0.2978  0.2979 3.3234E-05
 58   0.7730191    595.77 1.7025E+05  0.2976  0.2977 3.6847E-05
 59   0.8954022    622.39 1.5589E+05  0.2974  0.2975 4.0855E-05
 60   1.0371607    650.19 1.4523E+05  0.2972  0.2973 4.5301E-05
 61   1.2013621    679.20 1.5169E+05  0.2968  0.2970 5.0229E-05
 62   1.3915597    709.47 1.8588E+05  0.2965  0.2967 5.5698E-05
 63   1.6118689    741.05 2.4885E+05  0.2960  0.2963 6.1767E-05
 64   1.8670572    773.97 3.3435E+05  0.2955  0.2958 6.8502E-05
 65   2.1626464    808.29 4.3206E+05  0.2949  0.2952 7.5979E-05
 66   2.5050328    844.05 5.3301E+05  0.2941  0.2945 8.4280E-05
 67   2.9016253    881.29 6.1432E+05  0.2933  0.2937 9.3499E-05
 68   3.3610055    920.05 6.4513E+05  0.2924  0.2929 1.0374E-04
 69   3.8931140    960.37 6.2582E+05  0.2912  0.2918 1.1512E-04
 70   4.5094650   1002.28 5.6191E+05  0.2901  0.2907 1.2776E-04
 71   5.2233956   1045.85 4.4626E+05  0.2888  0.2895 1.4183E-04
 72   6.0503545   1091.07 2.7952E+05  0.2873  0.2880 1.5747E-04
 73   7.0082360   1138.00 8.9505E+04  0.2858  0.2866 1.7487E-04
 74   8.1177676   1186.68 3.0524E+01  0.2841  0.2850 1.9424E-04
 75   9.4029584   1234.32 3.0527E+01  0.2824  0.2679 2.1631E-04
 76  10.8916183   1280.11 3.0526E+01  0.2808  0.2478 2.4159E-04
 77  12.6159603   1324.50 3.0526E+01  0.2791  0.2320 2.7041E-04
 78  14.6132970   1368.47 3.0527E+01  0.2775  0.2222 3.0309E-04
 79  16.9268486   1413.10 3.0529E+01  0.2760  0.2184 3.3994E-04
 80  19.6066777   1459.24 3.0528E+01  0.2744  0.2186 3.8128E-04
 81  22.7107725   1507.78 3.0524E+01  0.2727  0.2226 4.2745E-04
 82  26.3063023   1559.12 3.0528E+01  0.2709  0.2278 4.7888E-04
 83  30.4710700   1613.84 3.0530E+01  0.2692  0.2347 5.3595E-04
 84  35.2951965   1671.61 3.0529E+01  0.2672  0.2393 5.9914E-04
 85  40.8830702   1733.61 1.5217E+04  0.2651  0.2478 6.6906E-04
 86  47.3556064   1802.23 5.4014E+05  0.2630  0.2641 7.4550E-04
 87  54.8528631   1872.93 1.0233E+06  0.2605  0.2618 8.3115E-04
 88  63.5370723   1945.69 1.5199E+06  0.2580  0.2593 9.2700E-04
 89  73.5961504   2020.55 2.0513E+06  0.2557  0.2569 1.0343E-03
 90  85.2477641   2097.49 2.4642E+06  0.2527  0.2543 1.1543E-03
 91  98.7440409   2176.41 3.5430E+06  0.2497  0.2513 1.2888E-03
