 525.    56.20   0.28 0.0 0.100E+06  0.00  1.00  1.00  Teff, grav(MKS), Y, f_sed, kz_min, [Fe/H], C/O, f_hole
  1   0.0001778    158.50 1.3552E+02  0.0000  0.0000 3.1693E-08
  2   0.0002055    159.26 1.6070E+02  0.3236  0.0332 3.6446E-08
  3   0.0002374    160.10 1.9229E+02  0.3234  0.0366 4.1891E-08
  4   0.0002743    161.19 1.7471E+02  0.3232  0.0466 4.8080E-08
  5   0.0003170    162.50 1.5722E+02  0.3230  0.0560 5.5108E-08
  6   0.0003663    164.07 1.4419E+02  0.3227  0.0666 6.3068E-08
  7   0.0004232    165.93 1.3413E+02  0.3224  0.0782 7.2055E-08
  8   0.0004890    168.07 1.2643E+02  0.3220  0.0884 8.2201E-08
  9   0.0005651    170.34 1.2064E+02  0.3216  0.0932 9.3711E-08
 10   0.0006529    172.67 1.1628E+02  0.3212  0.0939 1.0683E-07
 11   0.0007544    175.05 1.1296E+02  0.3208  0.0945 1.2177E-07
 12   0.0008718    177.36 1.1035E+02  0.3204  0.0908 1.3888E-07
 13   0.0010073    179.49 1.0818E+02  0.3200  0.0826 1.5858E-07
 14   0.0011639    181.48 1.0627E+02  0.3195  0.0763 1.8124E-07
 15   0.0013449    183.60 1.0455E+02  0.3191  0.0803 2.0702E-07
 16   0.0015540    185.97 1.0303E+02  0.3186  0.0888 2.3620E-07
 17   0.0017956    188.57 1.0167E+02  0.3180  0.0960 2.6923E-07
 18   0.0020748    191.09 1.0033E+02  0.3175  0.0921 3.0706E-07
 19   0.0023974    193.71 9.8917E+01  0.3169  0.0943 3.5015E-07
 20   0.0027701    196.66 9.7844E+01  0.3164  0.1045 3.9882E-07
 21   0.0032008    200.96 9.7364E+01  0.3156  0.1497 4.5154E-07
 22   0.0036985    205.94 9.7151E+01  0.3147  0.1694 5.0959E-07
 23   0.0042735    211.81 9.6967E+01  0.3136  0.1943 5.7302E-07
 24   0.0049380    218.28 9.6784E+01  0.3124  0.2082 6.4255E-07
 25   0.0057057    224.58 9.6612E+01  0.3111  0.1970 7.2159E-07
 26   0.0065929    230.78 9.6453E+01  0.3101  0.1884 8.1137E-07
 27   0.0076179    236.89 9.6311E+01  0.3091  0.1808 9.1334E-07
 28   0.0088024    242.94 9.6186E+01  0.3082  0.1745 1.0291E-06
 29   0.0101710    249.01 9.6076E+01  0.3073  0.1707 1.1601E-06
 30   0.0117524    255.04 9.5984E+01  0.3064  0.1656 1.3088E-06
 31   0.0135797    261.05 9.5906E+01  0.3057  0.1612 1.4774E-06
 32   0.0156910    267.16 9.5839E+01  0.3051  0.1599 1.6681E-06
 33   0.0181307    273.44 9.5781E+01  0.3044  0.1610 1.8832E-06
 34   0.0209497    279.97 9.5732E+01  0.3038  0.1631 2.1253E-06
 35   0.0242070    286.78 9.5689E+01  0.3032  0.1663 2.3974E-06
 36   0.0279707    293.92 9.5652E+01  0.3027  0.1703 2.7028E-06
 37   0.0323196    301.46 9.5621E+01  0.3022  0.1752 3.0449E-06
 38   0.0373447    309.35 9.5595E+01  0.3017  0.1787 3.4286E-06
 39   0.0431511    317.63 9.5572E+01  0.3012  0.1828 3.8584E-06
 40   0.0498603    326.40 9.5551E+01  0.3009  0.1885 4.3385E-06
 41   0.0576127    335.80 9.5534E+01  0.3005  0.1966 4.8726E-06
 42   0.0665704    345.97 9.5518E+01  0.3002  0.2065 5.4647E-06
 43   0.0769208    357.06 9.5506E+01  0.2998  0.2183 6.1183E-06
 44   0.0888806    369.27 9.5496E+01  0.2996  0.2326 6.8359E-06
 45   0.1026999    382.80 9.5488E+01  0.2993  0.2490 7.6196E-06
 46   0.1186678    398.66 6.1880E+03  0.2991  0.2810 8.4540E-06
 47   0.1371184    416.26 2.3580E+04  0.2989  0.2989 9.3554E-06
 48   0.1584378    434.63 5.0636E+04  0.2987  0.2988 1.0353E-05
 49   0.1830719    453.79 8.4251E+04  0.2985  0.2986 1.1458E-05
 50   0.2115362    473.79 1.1972E+05  0.2984  0.2985 1.2680E-05
 51   0.2444262    494.67 1.5095E+05  0.2983  0.2983 1.4033E-05
 52   0.2824299    516.45 1.7041E+05  0.2981  0.2982 1.5531E-05
 53   0.3263425    539.18 1.7173E+05  0.2980  0.2981 1.7189E-05
 54   0.3770826    562.91 1.5945E+05  0.2979  0.2979 1.9024E-05
 55   0.4357120    587.66 1.3792E+05  0.2977  0.2978 2.1055E-05
 56   0.5034571    613.49 1.1872E+05  0.2975  0.2976 2.3304E-05
 57   0.5817353    640.43 1.1053E+05  0.2973  0.2974 2.5794E-05
 58   0.6721843    668.53 1.1934E+05  0.2970  0.2971 2.8553E-05
 59   0.7766964    697.82 1.5235E+05  0.2966  0.2968 3.1607E-05
 60   0.8974583    728.37 2.1504E+05  0.2962  0.2965 3.4990E-05
 61   1.0369963    760.20 3.0616E+05  0.2957  0.2960 3.8737E-05
 62   1.1982300    793.36 4.2277E+05  0.2952  0.2954 4.2889E-05
 63   1.3845324    827.90 5.5559E+05  0.2945  0.2949 4.7490E-05
 64   1.5998014    863.85 6.9808E+05  0.2937  0.2941 5.2590E-05
 65   1.8485408    901.25 8.0121E+05  0.2929  0.2933 5.8245E-05
 66   2.1359545    940.14 8.4634E+05  0.2918  0.2924 6.4519E-05
 67   2.4680556    980.56 8.2464E+05  0.2907  0.2912 7.1477E-05
 68   2.8517923   1022.54 7.5251E+05  0.2895  0.2901 7.9202E-05
 69   3.2951929   1066.12 5.9849E+05  0.2881  0.2888 8.7775E-05
 70   3.8075341   1111.33 3.7564E+05  0.2866  0.2874 9.7286E-05
 71   4.3995348   1158.21 1.0873E+05  0.2851  0.2859 1.0785E-04
 72   5.0835805   1206.78 9.4445E+01  0.2834  0.2842 1.1957E-04
 73   5.8739827   1252.73 9.4756E+01  0.2817  0.2586 1.3307E-04
 74   6.7872777   1295.55 9.4809E+01  0.2802  0.2326 1.4867E-04
 75   7.8425730   1337.33 9.4834E+01  0.2786  0.2196 1.6642E-04
 76   9.0619471   1379.33 9.4838E+01  0.2771  0.2140 1.8647E-04
 77  10.4709112   1422.52 9.4868E+01  0.2756  0.2133 2.0893E-04
 78  12.0989430   1466.30 9.4885E+01  0.2740  0.2098 2.3414E-04
 79  13.9801034   1511.69 9.4893E+01  0.2724  0.2109 2.6238E-04
 80  16.1537493   1559.41 9.4898E+01  0.2708  0.2151 2.9388E-04
 81  18.6653566   1610.54 9.4900E+01  0.2692  0.2232 3.2880E-04
 82  21.5674721   1666.38 9.4911E+01  0.2672  0.2358 3.6723E-04
 83  24.9208126   1728.64 2.0829E+05  0.2652  0.2538 4.0910E-04
 84  28.7955351   1795.91 8.5157E+05  0.2630  0.2642 4.5508E-04
 85  33.2727048   1865.17 1.4919E+06  0.2605  0.2619 5.0641E-04
 86  38.4459910   1936.39 2.1034E+06  0.2580  0.2593 5.6369E-04
 87  44.4236270   2009.60 2.7402E+06  0.2555  0.2568 6.2765E-04
 88  51.3306741   2084.80 3.2031E+06  0.2524  0.2542 6.9920E-04
 89  59.3116384   2161.81 3.4831E+06  0.2493  0.2510 7.7928E-04
 90  68.5334941   2240.69 3.6810E+06  0.2464  0.2480 8.6893E-04
 91  79.1891768   2321.49 4.3066E+06  0.2427  0.2451 9.6920E-04
