 525.   100.00   0.28 0.0 0.100E+06  0.00  1.00  1.00  Teff, grav(MKS), Y, f_sed, kz_min, [Fe/H], C/O, f_hole
  1   0.0001778    153.32 7.6433E+01  0.0000  0.0000 3.2760E-08
  2   0.0002060    153.92 9.1783E+01  0.3240  0.0267 3.7797E-08
  3   0.0002386    154.56 1.1013E+02  0.3239  0.0281 4.3600E-08
  4   0.0002764    155.43 1.0201E+02  0.3239  0.0383 5.0219E-08
  5   0.0003201    156.59 9.2913E+01  0.3238  0.0502 5.7743E-08
  6   0.0003708    158.02 8.5545E+01  0.3237  0.0621 6.6280E-08
  7   0.0004295    159.72 7.9320E+01  0.3236  0.0727 7.5962E-08
  8   0.0004975    161.70 7.4025E+01  0.3232  0.0838 8.6916E-08
  9   0.0005763    163.96 6.9553E+01  0.3228  0.0947 9.9286E-08
 10   0.0006675    166.53 6.5881E+01  0.3224  0.1058 1.1323E-07
 11   0.0007732    169.28 6.2986E+01  0.3219  0.1112 1.2903E-07
 12   0.0008956    171.98 6.0770E+01  0.3214  0.1076 1.4711E-07
 13   0.0010374    174.65 5.9076E+01  0.3209  0.1049 1.6780E-07
 14   0.0012016    177.25 5.7772E+01  0.3204  0.1005 1.9153E-07
 15   0.0013918    179.60 5.6745E+01  0.3200  0.0897 2.1896E-07
 16   0.0016122    181.76 5.5902E+01  0.3195  0.0813 2.5063E-07
 17   0.0018674    183.99 5.5188E+01  0.3190  0.0831 2.8681E-07
 18   0.0021631    186.44 5.4589E+01  0.3185  0.0898 3.2791E-07
 19   0.0025055    189.05 5.4094E+01  0.3179  0.0949 3.7463E-07
 20   0.0029022    191.49 5.3422E+01  0.3174  0.0871 4.2852E-07
 21   0.0033617    194.02 5.2291E+01  0.3169  0.0892 4.9006E-07
 22   0.0038939    197.12 5.1237E+01  0.3163  0.1078 5.5901E-07
 23   0.0045104    201.08 5.0875E+01  0.3156  0.1354 6.3529E-07
 24   0.0052245    205.31 5.1041E+01  0.3147  0.1417 7.2140E-07
 25   0.0060516    210.52 5.1321E+01  0.3138  0.1704 8.1613E-07
 26   0.0070097    217.12 5.1501E+01  0.3126  0.2100 9.1703E-07
 27   0.0081194    223.76 5.1595E+01  0.3113  0.2051 1.0306E-06
 28   0.0094049    230.23 5.1645E+01  0.3102  0.1939 1.1602E-06
 29   0.0108938    236.59 5.1669E+01  0.3092  0.1853 1.3078E-06
 30   0.0126185    242.87 5.1674E+01  0.3082  0.1783 1.4756E-06
 31   0.0146163    249.10 5.1667E+01  0.3073  0.1724 1.6665E-06
 32   0.0169303    255.26 5.1657E+01  0.3064  0.1662 1.8837E-06
 33   0.0196107    261.41 5.1644E+01  0.3057  0.1618 2.1307E-06
 34   0.0227154    267.66 5.1630E+01  0.3050  0.1608 2.4104E-06
 35   0.0263117    274.11 5.1615E+01  0.3044  0.1621 2.7263E-06
 36   0.0304773    280.84 5.1600E+01  0.3037  0.1651 3.0822E-06
 37   0.0353024    287.88 5.1585E+01  0.3031  0.1684 3.4829E-06
 38   0.0408914    295.24 5.1569E+01  0.3026  0.1717 3.9337E-06
 39   0.0473653    302.92 5.1553E+01  0.3021  0.1749 4.4408E-06
 40   0.0548641    310.97 5.1537E+01  0.3016  0.1783 5.0108E-06
 41   0.0635501    319.44 5.1521E+01  0.3011  0.1829 5.6502E-06
 42   0.0736112    328.47 5.1505E+01  0.3008  0.1897 6.3647E-06
 43   0.0852652    338.20 5.1490E+01  0.3004  0.1987 7.1602E-06
 44   0.0987642    348.79 5.1476E+01  0.3001  0.2097 8.0421E-06
 45   0.1144004    360.35 5.1464E+01  0.2997  0.2219 9.0164E-06
 46   0.1325121    373.05 5.1453E+01  0.2995  0.2356 1.0088E-05
 47   0.1534912    387.06 5.1443E+01  0.2993  0.2510 1.1262E-05
 48   0.1777916    403.87 9.3371E+03  0.2990  0.2892 1.2503E-05
 49   0.2059393    422.01 3.0205E+04  0.2988  0.2989 1.3860E-05
 50   0.2385432    440.95 6.0176E+04  0.2986  0.2987 1.5364E-05
 51   0.2763089    460.72 9.5143E+04  0.2985  0.2985 1.7033E-05
 52   0.3200537    481.38 1.2725E+05  0.2983  0.2984 1.8883E-05
 53   0.3707240    502.95 1.4976E+05  0.2982  0.2983 2.0934E-05
 54   0.4294164    525.48 1.5864E+05  0.2981  0.2982 2.3208E-05
 55   0.4974009    549.01 1.5357E+05  0.2979  0.2980 2.5729E-05
 56   0.5761485    573.58 1.3593E+05  0.2978  0.2979 2.8525E-05
 57   0.6673633    599.23 1.1135E+05  0.2976  0.2977 3.1626E-05
 58   0.7730191    626.01 8.8501E+04  0.2974  0.2975 3.5066E-05
 59   0.8954022    653.97 7.2639E+04  0.2971  0.2973 3.8882E-05
 60   1.0371607    683.14 6.8440E+04  0.2968  0.2970 4.3115E-05
 61   1.2013621    713.58 9.1433E+04  0.2964  0.2966 4.7809E-05
 62   1.3915597    745.34 1.4825E+05  0.2960  0.2962 5.3018E-05
 63   1.6118689    778.44 2.3561E+05  0.2954  0.2957 5.8800E-05
 64   1.8670572    812.95 3.4531E+05  0.2948  0.2951 6.5218E-05
 65   2.1626464    848.90 4.7007E+05  0.2940  0.2944 7.2345E-05
 66   2.5050328    886.34 5.7492E+05  0.2932  0.2936 8.0259E-05
 67   2.9016253    925.31 6.3143E+05  0.2922  0.2928 8.9052E-05
 68   3.3610055    965.83 6.3064E+05  0.2911  0.2917 9.8822E-05
 69   3.8931140   1007.96 5.7524E+05  0.2899  0.2905 1.0968E-04
 70   4.5094650   1051.74 4.4829E+05  0.2886  0.2893 1.2176E-04
 71   5.2233956   1097.19 2.5601E+05  0.2871  0.2878 1.3519E-04
 72   6.0503545   1144.35 3.6733E+04  0.2856  0.2864 1.5012E-04
 73   7.0082360   1193.26 5.1119E+01  0.2839  0.2848 1.6674E-04
 74   8.1177676   1239.25 5.1195E+01  0.2822  0.2573 1.8597E-04
 75   9.4029584   1283.42 5.1188E+01  0.2806  0.2383 2.0802E-04
 76  10.8916183   1327.15 5.1180E+01  0.2790  0.2280 2.3300E-04
 77  12.6159603   1370.09 5.1179E+01  0.2774  0.2166 2.6136E-04
 78  14.6132970   1413.36 5.1185E+01  0.2759  0.2116 2.9341E-04
 79  16.9268486   1457.88 5.1187E+01  0.2744  0.2110 3.2945E-04
 80  19.6066777   1504.60 5.1187E+01  0.2727  0.2146 3.6975E-04
 81  22.7107725   1554.07 5.1195E+01  0.2711  0.2201 4.1468E-04
 82  26.3063023   1606.95 5.1204E+01  0.2694  0.2277 4.6459E-04
 83  30.4710700   1664.11 5.1206E+01  0.2674  0.2378 5.1971E-04
 84  35.2951965   1725.76 0.0000E+00  0.2654  0.2475 5.8032E-04
 85  40.8830702   1794.13 6.1684E+05  0.2632  0.2644 6.4654E-04
 86  47.3556064   1864.58 1.2254E+06  0.2607  0.2621 7.2076E-04
 87  54.8528631   1937.07 1.8366E+06  0.2582  0.2595 8.0383E-04
 88  63.5370723   2011.66 2.4973E+06  0.2558  0.2571 8.9678E-04
 89  73.5961504   2088.34 3.0087E+06  0.2529  0.2545 1.0008E-03
 90  85.2477641   2166.96 3.3918E+06  0.2498  0.2514 1.1174E-03
 91  98.7440409   2247.58 4.3065E+06  0.2470  0.2486 1.2483E-03
