 525.    10.00   0.28 0.0 0.100E+06  0.00  1.00  1.00  Teff, grav(MKS), Y, f_sed, kz_min, [Fe/H], C/O, f_hole
  1   0.0001778    178.42 7.4383E+02  0.0000  0.0000 2.8190E-08
  2   0.0002050    179.06 8.4858E+02  0.3199  0.0251 3.2385E-08
  3   0.0002364    179.92 1.0067E+03  0.3197  0.0339 3.7167E-08
  4   0.0002726    180.93 9.0185E+02  0.3195  0.0392 4.2622E-08
  5   0.0003143    182.07 8.3415E+02  0.3193  0.0439 4.8842E-08
  6   0.0003624    183.40 7.9048E+02  0.3190  0.0511 5.5916E-08
  7   0.0004178    184.97 7.5649E+02  0.3187  0.0602 6.3930E-08
  8   0.0004817    186.85 7.2830E+02  0.3183  0.0708 7.2997E-08
  9   0.0005555    189.09 7.0425E+02  0.3179  0.0836 8.3228E-08
 10   0.0006404    191.79 6.8363E+02  0.3174  0.0996 9.4654E-08
 11   0.0007384    194.95 6.6623E+02  0.3167  0.1150 1.0744E-07
 12   0.0008514    198.80 6.5190E+02  0.3160  0.1373 1.2160E-07
 13   0.0009817    203.77 6.4047E+02  0.3151  0.1732 1.3687E-07
 14   0.0011319    209.07 6.3140E+02  0.3141  0.1805 1.5377E-07
 15   0.0013051    214.24 6.2402E+02  0.3130  0.1715 1.7302E-07
 16   0.0015048    219.32 6.1781E+02  0.3120  0.1645 1.9488E-07
 17   0.0017350    224.39 6.1240E+02  0.3111  0.1605 2.1961E-07
 18   0.0020005    229.63 6.0766E+02  0.3102  0.1623 2.4743E-07
 19   0.0023066    235.05 6.0359E+02  0.3093  0.1639 2.7871E-07
 20   0.0026595    240.51 6.0013E+02  0.3085  0.1612 3.1406E-07
 21   0.0030664    246.06 5.9724E+02  0.3077  0.1602 3.5395E-07
 22   0.0035356    251.74 5.9488E+02  0.3068  0.1605 3.9889E-07
 23   0.0040766    257.44 5.9295E+02  0.3061  0.1571 4.4975E-07
 24   0.0047003    263.18 5.9138E+02  0.3055  0.1549 5.0726E-07
 25   0.0054195    269.04 5.9007E+02  0.3049  0.1548 5.7212E-07
 26   0.0062487    275.08 5.8899E+02  0.3043  0.1560 6.4517E-07
 27   0.0072048    281.33 5.8808E+02  0.3036  0.1577 7.2737E-07
 28   0.0083072    287.84 5.8732E+02  0.3031  0.1608 8.1969E-07
 29   0.0095782    294.68 5.8670E+02  0.3026  0.1650 9.2314E-07
 30   0.0110437    301.92 5.8619E+02  0.3022  0.1704 1.0388E-06
 31   0.0127335    309.57 5.8578E+02  0.3017  0.1757 1.1682E-06
 32   0.0146818    317.63 5.8546E+02  0.3012  0.1804 1.3128E-06
 33   0.0169282    326.15 5.8520E+02  0.3009  0.1861 1.4741E-06
 34   0.0195183    335.27 5.8498E+02  0.3005  0.1936 1.6534E-06
 35   0.0225047    345.09 5.8481E+02  0.3002  0.2029 1.8521E-06
 36   0.0259481    355.81 5.8468E+02  0.2999  0.2147 2.0712E-06
 37   0.0299183    367.57 5.8457E+02  0.2996  0.2284 2.3117E-06
 38   0.0344960    380.54 5.8448E+02  0.2994  0.2437 2.5745E-06
 39   0.0397741    394.87 6.4506E+02  0.2991  0.2596 2.8607E-06
 40   0.0458598    412.04 1.0859E+04  0.2989  0.2990 3.1610E-06
 41   0.0528766    429.95 2.9144E+04  0.2987  0.2988 3.4927E-06
 42   0.0609670    448.63 5.2813E+04  0.2986  0.2986 3.8594E-06
 43   0.0702953    468.10 7.8664E+04  0.2984  0.2985 4.2647E-06
 44   0.0810509    488.41 1.0236E+05  0.2983  0.2984 4.7127E-06
 45   0.0934522    509.60 1.1838E+05  0.2982  0.2982 5.2079E-06
 46   0.1077510    531.69 1.2462E+05  0.2980  0.2981 5.7550E-06
 47   0.1242375    554.74 1.2884E+05  0.2979  0.2980 6.3598E-06
 48   0.1432466    578.77 1.3741E+05  0.2978  0.2978 7.0284E-06
 49   0.1651642    603.82 1.5504E+05  0.2976  0.2977 7.7675E-06
 50   0.1904353    629.94 1.8817E+05  0.2974  0.2975 8.5846E-06
 51   0.2195731    657.17 2.4508E+05  0.2971  0.2973 9.4880E-06
 52   0.2531691    685.55 3.3147E+05  0.2968  0.2969 1.0487E-05
 53   0.2919055    715.12 4.5207E+05  0.2964  0.2966 1.1592E-05
 54   0.3365688    745.92 6.0921E+05  0.2959  0.2962 1.2813E-05
 55   0.3880659    777.99 7.9650E+05  0.2954  0.2957 1.4165E-05
 56   0.4474423    811.38 1.0040E+06  0.2949  0.2951 1.5660E-05
 57   0.5159037    846.12 1.2040E+06  0.2941  0.2945 1.7315E-05
 58   0.5948400    882.25 1.3637E+06  0.2933  0.2937 1.9146E-05
 59   0.6858542    919.81 1.4658E+06  0.2924  0.2929 2.1174E-05
 60   0.7907940    958.83 1.4678E+06  0.2913  0.2918 2.3420E-05
 61   0.9117902    999.35 1.3877E+06  0.2901  0.2907 2.5907E-05
 62   1.0512997   1041.42 1.2063E+06  0.2889  0.2896 2.8664E-05
 63   1.2121549   1085.03 9.0691E+05  0.2874  0.2882 3.1715E-05
 64   1.3976219   1130.24 5.1114E+05  0.2860  0.2867 3.5092E-05
 65   1.6114665   1177.09 1.0806E+05  0.2844  0.2853 3.8843E-05
 66   1.8580306   1225.59 5.8331E+02  0.2827  0.2836 4.3012E-05
 67   2.1423205   1269.09 5.8370E+02  0.2811  0.2450 4.7895E-05
 68   2.4701084   1309.04 5.8378E+02  0.2796  0.2177 5.3544E-05
 69   2.8480499   1347.60 5.8381E+02  0.2781  0.2039 5.9975E-05
 70   3.2838188   1385.80 5.8383E+02  0.2768  0.1963 6.7235E-05
 71   3.7862629   1424.74 5.8384E+02  0.2754  0.1947 7.5393E-05
 72   4.3655840   1465.70 5.8385E+02  0.2740  0.1991 8.4496E-05
 73   5.0335447   1509.68 5.8385E+02  0.2724  0.2076 9.4588E-05
 74   5.8037074   1557.34 5.8386E+02  0.2708  0.2183 1.0573E-04
 75   6.6917097   1609.64 5.8386E+02  0.2691  0.2320 1.1795E-04
 76   7.7155817   1668.69 2.7530E+05  0.2670  0.2530 1.3120E-04
 77   8.8961123   1733.07 9.6755E+05  0.2647  0.2659 1.4568E-04
 78  10.2572713   1799.34 1.7272E+06  0.2624  0.2636 1.6183E-04
 79  11.8266957   1867.50 2.3573E+06  0.2596  0.2611 1.7981E-04
 80  13.6362516   1937.44 2.9303E+06  0.2567  0.2582 1.9987E-04
 81  15.7226804   2009.21 3.3136E+06  0.2541  0.2555 2.2226E-04
 82  18.1283455   2082.79 3.5866E+06  0.2504  0.2526 2.4727E-04
 83  20.9020919   2157.84 3.7343E+06  0.2466  0.2486 2.7525E-04
 84  24.1002382   2234.45 3.8128E+06  0.2431  0.2451 3.0644E-04
 85  27.7877202   2312.71 3.8858E+06  0.2388  0.2418 3.4126E-04
 86  32.0394092   2391.91 3.9508E+06  0.2336  0.2365 3.8031E-04
 87  36.9416323   2472.15 4.0052E+06  0.2290  0.2317 4.2405E-04
 88  42.5939252   2553.54 4.0533E+06  0.2249  0.2275 4.7305E-04
 89  49.1110530   2635.70 4.0950E+06  0.2188  0.2224 5.2803E-04
 90  56.6253408   2718.30 4.1301E+06  0.2133  0.2167 5.8979E-04
 91  65.2893599   2801.50 4.3070E+06  0.2086  0.2118 6.5913E-04
