 550.   178.00   0.28 0.0 0.100E+06  0.00  1.00  1.00  Teff, grav(MKS), Y, f_sed, kz_min, [Fe/H], C/O, f_hole
  1   0.0001778    160.12 7.2337E+01  0.0000  0.0000 3.1373E-08
  2   0.0002060    160.58 8.6963E+01  0.3233  0.0195 3.6236E-08
  3   0.0002386    161.01 1.0404E+02  0.3232  0.0182 4.1861E-08
  4   0.0002764    161.66 9.7232E+01  0.3231  0.0275 4.8292E-08
  5   0.0003201    162.52 8.9632E+01  0.3229  0.0360 5.5643E-08
  6   0.0003708    163.60 8.3513E+01  0.3228  0.0452 6.4026E-08
  7   0.0004295    164.94 7.8136E+01  0.3225  0.0554 7.3562E-08
  8   0.0004975    166.57 7.3297E+01  0.3223  0.0670 8.4373E-08
  9   0.0005763    168.53 6.8953E+01  0.3219  0.0794 9.6596E-08
 10   0.0006675    170.73 6.5157E+01  0.3216  0.0883 1.1045E-07
 11   0.0007732    172.98 6.1932E+01  0.3212  0.0892 1.2627E-07
 12   0.0008956    175.33 5.9252E+01  0.3208  0.0917 1.4431E-07
 13   0.0010374    177.82 5.7069E+01  0.3203  0.0959 1.6483E-07
 14   0.0012016    180.25 5.5315E+01  0.3198  0.0924 1.8836E-07
 15   0.0013918    182.44 5.3910E+01  0.3193  0.0820 2.1559E-07
 16   0.0016122    184.50 5.2773E+01  0.3189  0.0764 2.4696E-07
 17   0.0018674    186.61 5.1843E+01  0.3184  0.0775 2.8285E-07
 18   0.0021631    188.91 5.1083E+01  0.3179  0.0832 3.2371E-07
 19   0.0025055    191.21 5.0503E+01  0.3174  0.0824 3.7052E-07
 20   0.0029022    193.49 5.0134E+01  0.3169  0.0807 4.2426E-07
 21   0.0033617    196.06 4.9856E+01  0.3164  0.0897 4.8521E-07
 22   0.0038939    199.35 4.9434E+01  0.3158  0.1132 5.5313E-07
 23   0.0045104    203.48 4.8915E+01  0.3151  0.1397 6.2823E-07
 24   0.0052245    208.00 4.8470E+01  0.3142  0.1494 7.1269E-07
 25   0.0060516    213.59 4.8151E+01  0.3132  0.1805 8.0468E-07
 26   0.0070097    219.67 4.7909E+01  0.3121  0.1909 9.0632E-07
 27   0.0081194    225.58 4.7714E+01  0.3109  0.1806 1.0223E-06
 28   0.0094049    231.41 4.7559E+01  0.3099  0.1737 1.1543E-06
 29   0.0108938    237.22 4.7433E+01  0.3090  0.1688 1.3043E-06
 30   0.0126185    243.06 4.7332E+01  0.3081  0.1654 1.4745E-06
 31   0.0146163    248.96 4.7252E+01  0.3073  0.1631 1.6675E-06
 32   0.0169303    254.85 4.7188E+01  0.3064  0.1590 1.8868E-06
 33   0.0196107    260.69 4.7137E+01  0.3058  0.1543 2.1366E-06
 34   0.0227154    266.56 4.7097E+01  0.3051  0.1515 2.4203E-06
 35   0.0263117    272.54 4.7065E+01  0.3045  0.1508 2.7420E-06
 36   0.0304773    278.71 4.7040E+01  0.3039  0.1524 3.1058E-06
 37   0.0353024    285.12 4.7019E+01  0.3033  0.1548 3.5166E-06
 38   0.0408914    291.81 4.7003E+01  0.3028  0.1578 3.9799E-06
 39   0.0473653    298.83 4.6990E+01  0.3024  0.1616 4.5017E-06
 40   0.0548641    306.18 4.6980E+01  0.3019  0.1654 5.0891E-06
 41   0.0635501    313.88 4.6972E+01  0.3014  0.1690 5.7502E-06
 42   0.0736112    321.96 4.6965E+01  0.3010  0.1730 6.4934E-06
 43   0.0852652    330.54 4.6959E+01  0.3007  0.1788 7.3263E-06
 44   0.0987642    339.72 4.6952E+01  0.3004  0.1865 8.2567E-06
 45   0.1144004    349.60 4.6944E+01  0.3001  0.1951 9.2936E-06
 46   0.1325121    360.26 4.6934E+01  0.2997  0.2043 1.0447E-05
 47   0.1534912    371.84 4.6922E+01  0.2995  0.2152 1.1724E-05
 48   0.1777916    384.51 4.6906E+01  0.2993  0.2281 1.3132E-05
 49   0.2059393    398.53 4.6887E+01  0.2991  0.2436 1.4676E-05
 50   0.2385432    414.23 1.1290E+03  0.2989  0.2630 1.6355E-05
 51   0.2763089    432.83 1.5194E+04  0.2987  0.2988 1.8131E-05
 52   0.3200537    452.25 3.7301E+04  0.2985  0.2986 2.0099E-05
 53   0.3707240    472.52 6.2819E+04  0.2984  0.2985 2.2282E-05
 54   0.4294164    493.70 8.5567E+04  0.2983  0.2983 2.4702E-05
 55   0.4974009    515.82 9.9069E+04  0.2981  0.2982 2.7386E-05
 56   0.5761485    538.92 9.9687E+04  0.2980  0.2981 3.0361E-05
 57   0.6673633    563.05 8.5802E+04  0.2979  0.2979 3.3661E-05
 58   0.7730191    588.23 5.7768E+04  0.2977  0.2978 3.7320E-05
 59   0.8954022    614.53 2.3634E+04  0.2975  0.2976 4.1378E-05
 60   1.0371607    641.99 0.0000E+00  0.2973  0.2974 4.5880E-05
 61   1.2013621    670.64 4.7451E+01  0.2969  0.2971 5.0871E-05
 62   1.3915597    698.46 4.7370E+01  0.2966  0.2765 5.6577E-05
 63   1.6118689    727.40 4.7321E+01  0.2963  0.2763 6.2926E-05
 64   1.8670572    758.01 4.7271E+01  0.2957  0.2804 6.9945E-05
 65   2.1626464    790.77 4.7207E+01  0.2952  0.2879 7.7663E-05
 66   2.5050328    826.07 4.7118E+01  0.2945  0.2971 8.6115E-05
 67   2.9016253    864.14 4.7063E+01  0.2937  0.3066 9.5354E-05
 68   3.3610055    905.71 4.7033E+01  0.2928  0.3197 1.0538E-04
 69   3.8931140    949.88 4.7079E+01  0.2916  0.3240 1.1639E-04
 70   4.5094650    996.05 4.7161E+01  0.2903  0.3229 1.2856E-04
 71   5.2233956   1043.47 4.7491E+01  0.2889  0.3165 1.4215E-04
 72   6.0503545   1090.89 4.7772E+01  0.2873  0.3023 1.5750E-04
 73   7.0082360   1136.96 4.7993E+01  0.2858  0.2815 1.7503E-04
 74   8.1177676   1181.25 4.8095E+01  0.2842  0.2600 1.9513E-04
 75   9.4029584   1223.99 4.8182E+01  0.2827  0.2419 2.1814E-04
 76  10.8916183   1266.09 4.8263E+01  0.2812  0.2301 2.4427E-04
 77  12.6159603   1307.28 4.8302E+01  0.2797  0.2178 2.7399E-04
 78  14.6132970   1348.11 4.8319E+01  0.2782  0.2093 3.0769E-04
 79  16.9268486   1389.43 4.8330E+01  0.2767  0.2054 3.4576E-04
 80  19.6066777   1432.10 4.8334E+01  0.2753  0.2058 3.8854E-04
 81  22.7107725   1476.96 4.8349E+01  0.2737  0.2099 4.3639E-04
 82  26.3063023   1524.79 4.8342E+01  0.2721  0.2169 4.8969E-04
 83  30.4710700   1575.77 4.8315E+01  0.2704  0.2238 5.4893E-04
 84  35.2951965   1629.38 4.8302E+01  0.2686  0.2276 6.1472E-04
 85  40.8830702   1686.03 4.8269E+01  0.2667  0.2326 6.8796E-04
 86  47.3556064   1747.67 7.8578E+04  0.2647  0.2443 7.6871E-04
 87  54.8528631   1816.74 8.1277E+05  0.2626  0.2637 8.5667E-04
 88  63.5370723   1887.87 1.5128E+06  0.2600  0.2613 9.5518E-04
 89  73.5961504   1961.08 2.2594E+06  0.2576  0.2589 1.0654E-03
 90  85.2477641   2036.42 3.0209E+06  0.2552  0.2565 1.1888E-03
 91  98.7440409   2113.81 5.1873E+06  0.2522  0.2538 1.3268E-03
