 550.    56.20   0.28 0.0 0.100E+06  0.00  1.00  1.00  Teff, grav(MKS), Y, f_sed, kz_min, [Fe/H], C/O, f_hole
  1   0.0001778    168.55 2.2179E+02  0.0000  0.0000 2.9804E-08
  2   0.0002055    169.53 2.6080E+02  0.3217  0.0401 3.4248E-08
  3   0.0002374    170.65 3.1053E+02  0.3215  0.0455 3.9306E-08
  4   0.0002743    171.94 2.8215E+02  0.3213  0.0522 4.5076E-08
  5   0.0003170    173.29 2.5487E+02  0.3210  0.0544 5.1687E-08
  6   0.0003663    174.76 2.3506E+02  0.3208  0.0582 5.9229E-08
  7   0.0004232    176.38 2.2017E+02  0.3205  0.0639 6.7805E-08
  8   0.0004890    178.12 2.0899E+02  0.3202  0.0681 7.7587E-08
  9   0.0005651    179.88 2.0057E+02  0.3199  0.0681 8.8790E-08
 10   0.0006529    181.58 1.9403E+02  0.3195  0.0648 1.0164E-07
 11   0.0007544    183.28 1.8869E+02  0.3191  0.0646 1.1637E-07
 12   0.0008718    185.11 1.8414E+02  0.3187  0.0689 1.3317E-07
 13   0.0010073    187.16 1.8020E+02  0.3183  0.0763 1.5223E-07
 14   0.0011639    189.49 1.7676E+02  0.3178  0.0854 1.7379E-07
 15   0.0013449    191.97 1.7374E+02  0.3173  0.0899 1.9830E-07
 16   0.0015540    194.68 1.7109E+02  0.3167  0.0972 2.2607E-07
 17   0.0017956    197.91 1.6882E+02  0.3161  0.1139 2.5718E-07
 18   0.0020748    202.62 1.6693E+02  0.3153  0.1625 2.9063E-07
 19   0.0023974    208.00 1.6534E+02  0.3143  0.1814 3.2732E-07
 20   0.0027701    213.59 1.6401E+02  0.3132  0.1835 3.6839E-07
 21   0.0032008    219.17 1.6282E+02  0.3121  0.1783 4.1480E-07
 22   0.0036985    224.56 1.6173E+02  0.3111  0.1681 4.6779E-07
 23   0.0042735    229.97 1.6071E+02  0.3101  0.1647 5.2779E-07
 24   0.0049380    235.43 1.5971E+02  0.3093  0.1625 5.9570E-07
 25   0.0057057    240.90 1.5868E+02  0.3084  0.1587 6.7271E-07
 26   0.0065929    246.46 1.5762E+02  0.3076  0.1580 7.5976E-07
 27   0.0076179    252.15 1.5649E+02  0.3068  0.1580 8.5807E-07
 28   0.0088024    257.84 1.5525E+02  0.3061  0.1544 9.6962E-07
 29   0.0101710    263.53 1.5386E+02  0.3055  0.1511 1.0962E-06
 30   0.0117524    269.31 1.5226E+02  0.3048  0.1502 1.2394E-06
 31   0.0135797    275.22 1.5040E+02  0.3042  0.1501 1.4014E-06
 32   0.0156910    281.28 1.4821E+02  0.3036  0.1508 1.5844E-06
 33   0.0181307    287.58 1.4561E+02  0.3031  0.1532 1.7906E-06
 34   0.0209497    294.18 1.4253E+02  0.3027  0.1571 2.0226E-06
 35   0.0242070    301.15 1.3887E+02  0.3022  0.1620 2.2829E-06
 36   0.0279707    308.49 1.3447E+02  0.3018  0.1666 2.5751E-06
 37   0.0323196    316.23 1.2915E+02  0.3013  0.1715 2.9027E-06
 38   0.0373447    324.38 1.2268E+02  0.3009  0.1760 3.2697E-06
 39   0.0431511    333.00 1.1485E+02  0.3006  0.1815 3.6803E-06
 40   0.0498603    342.19 1.0537E+02  0.3003  0.1884 4.1383E-06
 41   0.0576127    352.08 9.3876E+01  0.3000  0.1972 4.6474E-06
 42   0.0665704    362.81 7.9998E+01  0.2997  0.2078 5.2111E-06
 43   0.0769208    374.54 6.3248E+01  0.2995  0.2201 5.8328E-06
 44   0.0888806    387.44 4.3066E+01  0.2992  0.2343 6.5153E-06
 45   0.1026999    401.73 1.8656E+01  0.2990  0.2506 7.2605E-06
 46   0.1186678    418.06 4.2490E+03  0.2988  0.2757 8.0617E-06
 47   0.1371184    436.50 1.9985E+04  0.2987  0.2988 8.9215E-06
 48   0.1584378    455.75 4.3559E+04  0.2985  0.2986 9.8732E-06
 49   0.1830719    475.84 6.9956E+04  0.2984  0.2984 1.0927E-05
 50   0.2115362    496.80 9.3367E+04  0.2983  0.2983 1.2093E-05
 51   0.2444262    518.68 1.0786E+05  0.2981  0.2982 1.3383E-05
 52   0.2824299    541.51 1.0911E+05  0.2980  0.2981 1.4812E-05
 53   0.3263425    565.33 9.1568E+04  0.2979  0.2979 1.6394E-05
 54   0.3770826    590.19 6.2412E+04  0.2977  0.2978 1.8144E-05
 55   0.4357120    616.12 3.4641E+04  0.2975  0.2976 2.0082E-05
 56   0.5034571    643.18 1.7953E+04  0.2973  0.2974 2.2228E-05
 57   0.5817353    671.39 1.9583E+04  0.2969  0.2971 2.4605E-05
 58   0.6721843    700.81 4.7290E+04  0.2966  0.2968 2.7237E-05
 59   0.7766964    731.49 1.0820E+05  0.2962  0.2964 3.0152E-05
 60   0.8974583    763.45 2.0431E+05  0.2957  0.2959 3.3382E-05
 61   1.0369963    796.74 3.3134E+05  0.2951  0.2954 3.6960E-05
 62   1.1982300    831.42 4.8324E+05  0.2944  0.2948 4.0926E-05
 63   1.3845324    867.51 6.5261E+05  0.2936  0.2940 4.5321E-05
 64   1.5998014    905.06 7.9247E+05  0.2928  0.2932 5.0196E-05
 65   1.8485408    944.10 8.6952E+05  0.2917  0.2923 5.5604E-05
 66   2.1359545    984.67 8.6553E+05  0.2906  0.2911 6.1600E-05
 67   2.4680556   1026.82 7.8954E+05  0.2894  0.2900 6.8256E-05
 68   2.8517923   1070.56 6.2118E+05  0.2879  0.2887 7.5648E-05
 69   3.2951929   1115.93 3.5875E+05  0.2865  0.2872 8.3850E-05
 70   3.8075341   1162.98 3.8853E+04  0.2849  0.2858 9.2951E-05
 71   4.3995348   1211.72 0.0000E+00  0.2832  0.2841 1.0305E-04
 72   5.0835805   1256.42 0.0000E+00  0.2816  0.2507 1.1481E-04
 73   5.8739827   1298.26 0.0000E+00  0.2800  0.2267 1.2838E-04
 74   6.7872777   1339.02 0.0000E+00  0.2785  0.2139 1.4382E-04
 75   7.8425730   1379.95 0.0000E+00  0.2771  0.2083 1.6127E-04
 76   9.0619471   1421.97 0.0000E+00  0.2756  0.2076 1.8087E-04
 77  10.4709112   1465.51 0.0000E+00  0.2741  0.2087 2.0278E-04
 78  12.0989430   1510.56 0.0000E+00  0.2725  0.2095 2.2726E-04
 79  13.9801034   1557.92 0.0000E+00  0.2709  0.2136 2.5458E-04
 80  16.1537493   1608.90 0.0000E+00  0.2692  0.2228 2.8484E-04
 81  18.6653566   1665.04 0.0000E+00  0.2673  0.2373 3.1805E-04
 82  21.5674721   1728.74 1.1809E+05  0.2652  0.2598 3.5401E-04
 83  24.9208126   1796.00 9.5935E+05  0.2630  0.2641 3.9381E-04
 84  28.7955351   1865.25 1.7728E+06  0.2604  0.2618 4.3831E-04
 85  33.2727048   1936.44 2.5495E+06  0.2578  0.2592 4.8789E-04
 86  38.4459910   2009.61 3.3440E+06  0.2554  0.2567 5.4322E-04
 87  44.4236270   2084.76 3.9046E+06  0.2522  0.2540 6.0516E-04
 88  51.3306741   2161.68 4.2143E+06  0.2490  0.2507 6.7451E-04
 89  59.3116384   2240.44 4.4309E+06  0.2460  0.2476 7.5208E-04
 90  68.5334941   2321.10 4.5662E+06  0.2423  0.2447 8.3885E-04
 91  79.1891768   2403.15 5.2010E+06  0.2380  0.2404 9.3599E-04
