 575.    10.00   0.28 0.0 0.100E+06  0.00  1.00  1.00  Teff, grav(MKS), Y, f_sed, kz_min, [Fe/H], C/O, f_hole
  1   0.0001778    215.37 2.2647E+03  0.0000  0.0000 2.3447E-08
  2   0.0002050    216.16 2.5450E+03  0.3122  0.0256 2.6936E-08
  3   0.0002364    217.29 2.9769E+03  0.3120  0.0368 3.0899E-08
  4   0.0002726    218.74 2.6942E+03  0.3118  0.0466 3.5395E-08
  5   0.0003143    220.48 2.5143E+03  0.3115  0.0556 4.0488E-08
  6   0.0003624    222.52 2.3930E+03  0.3111  0.0647 4.6256E-08
  7   0.0004178    224.87 2.2985E+03  0.3107  0.0739 5.2769E-08
  8   0.0004817    227.53 2.2224E+03  0.3103  0.0825 6.0130E-08
  9   0.0005555    230.47 2.1614E+03  0.3099  0.0900 6.8458E-08
 10   0.0006404    233.60 2.1119E+03  0.3094  0.0949 7.7863E-08
 11   0.0007384    236.90 2.0704E+03  0.3089  0.0985 8.8527E-08
 12   0.0008514    240.38 2.0346E+03  0.3084  0.1026 1.0059E-07
 13   0.0009817    244.08 2.0029E+03  0.3078  0.1070 1.1424E-07
 14   0.0011319    248.03 1.9750E+03  0.3072  0.1128 1.2962E-07
 15   0.0013051    252.26 1.9513E+03  0.3066  0.1188 1.4694E-07
 16   0.0015048    256.61 1.9307E+03  0.3061  0.1202 1.6655E-07
 17   0.0017350    261.10 1.9128E+03  0.3056  0.1217 1.8873E-07
 18   0.0020005    265.75 1.8973E+03  0.3052  0.1241 2.1380E-07
 19   0.0023066    270.55 1.8839E+03  0.3047  0.1257 2.4214E-07
 20   0.0026595    275.52 1.8724E+03  0.3042  0.1278 2.7416E-07
 21   0.0030664    280.69 1.8627E+03  0.3036  0.1307 3.1028E-07
 22   0.0035356    286.06 1.8544E+03  0.3032  0.1331 3.5104E-07
 23   0.0040766    291.59 1.8475E+03  0.3028  0.1344 3.9707E-07
 24   0.0047003    297.30 1.8416E+03  0.3024  0.1362 4.4902E-07
 25   0.0054195    303.29 1.8367E+03  0.3021  0.1401 5.0749E-07
 26   0.0062487    309.59 1.8326E+03  0.3017  0.1445 5.7323E-07
 27   0.0072048    316.22 1.8292E+03  0.3013  0.1487 6.4709E-07
 28   0.0083072    323.19 1.8265E+03  0.3009  0.1531 7.3001E-07
 29   0.0095782    330.53 1.8243E+03  0.3007  0.1578 8.2300E-07
 30   0.0110437    338.31 1.8225E+03  0.3004  0.1633 9.2711E-07
 31   0.0127335    346.59 1.8211E+03  0.3001  0.1698 1.0434E-06
 32   0.0146818    355.43 1.8200E+03  0.2998  0.1770 1.1732E-06
 33   0.0169282    364.95 1.8191E+03  0.2996  0.1857 1.3174E-06
 34   0.0195183    375.27 1.8183E+03  0.2994  0.1958 1.4772E-06
 35   0.0225047    386.49 1.8177E+03  0.2992  0.2070 1.6537E-06
 36   0.0259481    398.71 1.8173E+03  0.2990  0.2187 1.8483E-06
 37   0.0299183    412.08 1.8169E+03  0.2989  0.2315 2.0620E-06
 38   0.0344960    426.68 1.8166E+03  0.2987  0.2446 2.2961E-06
 39   0.0397741    442.46 1.8163E+03  0.2986  0.2550 2.5530E-06
 40   0.0458598    459.40 1.8160E+03  0.2985  0.2639 2.8349E-06
 41   0.0528766    477.47 1.8158E+03  0.2984  0.2710 3.1449E-06
 42   0.0609670    496.68 1.8156E+03  0.2983  0.2771 3.4857E-06
 43   0.0702953    517.05 1.8155E+03  0.2981  0.2822 3.8608E-06
 44   0.0810509    538.44 1.8154E+03  0.2980  0.2847 4.2747E-06
 45   0.0934522    560.75 1.8154E+03  0.2979  0.2852 4.7327E-06
 46   0.1077510    583.97 1.8154E+03  0.2977  0.2850 5.2398E-06
 47   0.1242375    608.56 8.2529E+03  0.2975  0.2898 5.7973E-06
 48   0.1432466    634.89 4.1763E+04  0.2973  0.2974 6.4071E-06
 49   0.1651642    662.33 1.0659E+05  0.2970  0.2972 7.0814E-06
 50   0.1904353    690.92 2.0700E+05  0.2967  0.2969 7.8270E-06
 51   0.2195731    720.71 3.4815E+05  0.2964  0.2965 8.6515E-06
 52   0.2531691    751.75 5.3273E+05  0.2958  0.2961 9.5635E-06
 53   0.2919055    784.06 7.6236E+05  0.2953  0.2956 1.0572E-05
 54   0.3365688    817.69 1.0380E+06  0.2947  0.2950 1.1689E-05
 55   0.3880659    852.69 1.3198E+06  0.2939  0.2943 1.2925E-05
 56   0.4474423    889.07 1.5623E+06  0.2931  0.2935 1.4291E-05
 57   0.5159037    926.91 1.7206E+06  0.2922  0.2927 1.5805E-05
 58   0.5948400    966.20 1.7140E+06  0.2911  0.2916 1.7480E-05
 59   0.6858542   1007.00 1.5547E+06  0.2899  0.2905 1.9334E-05
 60   0.7907940   1049.35 1.2858E+06  0.2886  0.2893 2.1390E-05
 61   0.9117902   1093.26 8.9018E+05  0.2872  0.2879 2.3674E-05
 62   1.0512997   1138.77 3.2629E+05  0.2858  0.2865 2.6203E-05
 63   1.2121549   1185.92 1.8144E+03  0.2841  0.2849 2.9002E-05
 64   1.3976219   1230.30 1.8149E+03  0.2825  0.2581 3.2229E-05
 65   1.6114665   1268.90 1.8150E+03  0.2810  0.2170 3.6028E-05
 66   1.8580306   1305.36 1.8151E+03  0.2797  0.1990 4.0382E-05
 67   2.1423205   1341.17 1.8151E+03  0.2783  0.1901 4.5320E-05
 68   2.4701084   1377.18 1.8151E+03  0.2770  0.1861 5.0891E-05
 69   2.8480499   1414.00 1.8151E+03  0.2758  0.1853 5.7152E-05
 70   3.2838188   1452.25 1.8151E+03  0.2744  0.1875 6.4156E-05
 71   3.7862629   1493.27 1.8151E+03  0.2729  0.1956 7.1934E-05
 72   4.3655840   1538.15 1.8151E+03  0.2714  0.2080 8.0520E-05
 73   5.0335447   1587.97 1.8151E+03  0.2697  0.2239 8.9930E-05
 74   5.8037074   1644.89 3.1584E+05  0.2678  0.2474 1.0011E-04
 75   6.6917097   1708.55 1.2870E+06  0.2655  0.2667 1.1115E-04
 76   7.7155817   1774.08 2.3844E+06  0.2631  0.2643 1.2345E-04
 77   8.8961123   1841.52 3.2536E+06  0.2605  0.2621 1.3716E-04
 78  10.2572713   1910.71 4.1324E+06  0.2575  0.2591 1.5245E-04
 79  11.8266957   1981.68 4.7223E+06  0.2547  0.2562 1.6952E-04
 80  13.6362516   2054.50 5.0875E+06  0.2514  0.2534 1.8856E-04
 81  15.7226804   2128.79 5.3361E+06  0.2472  0.2495 2.0985E-04
 82  18.1283455   2204.53 5.4676E+06  0.2434  0.2456 2.3363E-04
 83  20.9020919   2281.81 5.5705E+06  0.2398  0.2420 2.6017E-04
 84  24.1002382   2360.22 5.6696E+06  0.2341  0.2373 2.8990E-04
 85  27.7877202   2439.50 5.7534E+06  0.2291  0.2321 3.2325E-04
 86  32.0394092   2519.74 5.8232E+06  0.2245  0.2273 3.6065E-04
 87  36.9416323   2600.97 5.8853E+06  0.2189  0.2229 4.0252E-04
 88  42.5939252   2682.50 5.9377E+06  0.2131  0.2168 4.4959E-04
 89  49.1110530   2764.38 5.9816E+06  0.2077  0.2112 5.0245E-04
 90  56.6253408   2846.77 6.0190E+06  0.2030  0.2063 5.6185E-04
 91  65.2893599   2929.64 6.1984E+06  0.1978  0.2016 6.2861E-04
