 650.   316.00   0.28 0.0 0.100E+06  0.00  1.00  1.00  Teff, grav(MKS), Y, f_sed, kz_min, [Fe/H], C/O, f_hole
  1   0.0001778    198.54 2.8748E+02  0.0000  0.0000 2.5441E-08
  2   0.0002077    199.60 3.4156E+02  0.3156  0.0341 2.9556E-08
  3   0.0002426    200.72 4.0579E+02  0.3153  0.0360 3.4327E-08
  4   0.0002833    202.08 3.7763E+02  0.3151  0.0436 3.9822E-08
  5   0.0003309    203.70 3.4644E+02  0.3148  0.0515 4.6142E-08
  6   0.0003865    205.69 3.2255E+02  0.3144  0.0624 5.3374E-08
  7   0.0004514    208.12 3.0293E+02  0.3140  0.0756 6.1612E-08
  8   0.0005273    210.96 2.8661E+02  0.3134  0.0875 7.0987E-08
  9   0.0006158    214.02 2.7314E+02  0.3129  0.0927 8.1726E-08
 10   0.0007193    217.09 2.6215E+02  0.3123  0.0918 9.4103E-08
 11   0.0008401    220.06 2.5323E+02  0.3117  0.0875 1.0843E-07
 12   0.0009812    222.93 2.4587E+02  0.3111  0.0833 1.2501E-07
 13   0.0011460    225.89 2.3961E+02  0.3106  0.0849 1.4410E-07
 14   0.0013386    229.19 2.3423E+02  0.3101  0.0935 1.6588E-07
 15   0.0015634    232.91 2.2973E+02  0.3095  0.1036 1.9065E-07
 16   0.0018260    236.84 2.2605E+02  0.3089  0.1077 2.1898E-07
 17   0.0021327    240.85 2.2300E+02  0.3083  0.1081 2.5150E-07
 18   0.0024910    244.89 2.2037E+02  0.3077  0.1073 2.8890E-07
 19   0.0029094    249.01 2.1807E+02  0.3071  0.1073 3.3185E-07
 20   0.0033981    253.30 2.1608E+02  0.3065  0.1100 3.8103E-07
 21   0.0039689    257.78 2.1440E+02  0.3060  0.1131 4.3728E-07
 22   0.0046356    262.33 2.1297E+02  0.3055  0.1126 5.0188E-07
 23   0.0054143    266.99 2.1178E+02  0.3050  0.1133 5.7596E-07
 24   0.0063237    271.67 2.1079E+02  0.3045  0.1120 6.6111E-07
 25   0.0073860    276.28 2.0997E+02  0.3041  0.1082 7.5929E-07
 26   0.0086266    280.98 2.0928E+02  0.3036  0.1088 8.7198E-07
 27   0.0100757    285.89 2.0871E+02  0.3032  0.1114 1.0010E-06
 28   0.0117681    291.04 2.0823E+02  0.3028  0.1150 1.1484E-06
 29   0.0137449    296.38 2.0783E+02  0.3025  0.1172 1.3171E-06
 30   0.0160537    301.91 2.0750E+02  0.3021  0.1191 1.5102E-06
 31   0.0187503    307.66 2.0722E+02  0.3018  0.1214 1.7309E-06
 32   0.0218999    313.59 2.0700E+02  0.3014  0.1230 1.9834E-06
 33   0.0255785    319.72 2.0682E+02  0.3011  0.1246 2.2722E-06
 34   0.0298751    326.10 2.0668E+02  0.3008  0.1272 2.6019E-06
 35   0.0348934    332.81 2.0656E+02  0.3006  0.1313 2.9777E-06
 36   0.0407546    339.90 2.0646E+02  0.3003  0.1358 3.4053E-06
 37   0.0476004    347.41 2.0639E+02  0.3001  0.1408 3.8913E-06
 38   0.0555961    355.40 2.0632E+02  0.2998  0.1463 4.4429E-06
 39   0.0649348    363.88 2.0628E+02  0.2996  0.1519 5.0682E-06
 40   0.0758423    372.92 2.0624E+02  0.2995  0.1580 5.7760E-06
 41   0.0885819    382.59 2.0622E+02  0.2993  0.1649 6.5757E-06
 42   0.1034614    393.05 2.0620E+02  0.2991  0.1737 7.4759E-06
 43   0.1208404    404.37 2.0619E+02  0.2989  0.1828 8.4872E-06
 44   0.1411386    416.63 2.0618E+02  0.2988  0.1925 9.6210E-06
 45   0.1648464    429.98 2.0617E+02  0.2987  0.2031 1.0888E-05
 46   0.1925365    444.56 2.0615E+02  0.2986  0.2147 1.2300E-05
 47   0.2248778    460.51 2.0612E+02  0.2985  0.2270 1.3869E-05
 48   0.2626517    478.04 2.0606E+02  0.2984  0.2406 1.5604E-05
 49   0.3067707    497.39 2.0594E+02  0.2982  0.2556 1.7516E-05
 50   0.3583005    518.40 2.0578E+02  0.2981  0.2665 1.9629E-05
 51   0.4184862    540.72 2.0560E+02  0.2980  0.2715 2.1979E-05
 52   0.4887814    564.20 2.0542E+02  0.2979  0.2737 2.4602E-05
 53   0.5708846    588.65 2.0531E+02  0.2977  0.2732 2.7541E-05
 54   0.6667791    613.74 2.0525E+02  0.2975  0.2688 3.0852E-05
 55   0.7787814    639.47 2.0522E+02  0.2973  0.2646 3.4584E-05
 56   0.9095974    665.91 2.0524E+02  0.2970  0.2609 3.8790E-05
 57   1.0623872    692.99 2.0530E+02  0.2967  0.2567 4.3535E-05
 58   1.2408419    720.62 2.0538E+02  0.2964  0.2518 4.8898E-05
 59   1.4492725    749.28 2.0548E+02  0.2959  0.2512 5.4926E-05
 60   1.6927144    779.48 2.0561E+02  0.2954  0.2544 6.1667E-05
 61   1.9770484    811.64 2.0581E+02  0.2949  0.2604 6.9172E-05
 62   2.3091435    846.22 2.0612E+02  0.2941  0.2688 7.7490E-05
 63   2.6970224    883.99 2.8138E+04  0.2932  0.2812 8.6639E-05
 64   3.1500553    925.11 1.3657E+05  0.2923  0.2928 9.6696E-05
 65   3.6791864    967.97 2.4996E+05  0.2911  0.2917 1.0794E-04
 66   4.2971985   1012.63 3.1914E+05  0.2898  0.2905 1.2051E-04
 67   5.0190213   1059.13 2.5943E+05  0.2884  0.2891 1.3457E-04
 68   5.8620924   1107.49 7.4945E+04  0.2868  0.2876 1.5030E-04
 69   6.8467786   1157.79 2.0440E+02  0.2852  0.2860 1.6791E-04
 70   7.9968676   1206.77 2.0442E+02  0.2834  0.2669 1.8814E-04
 71   9.3401430   1253.66 2.0424E+02  0.2817  0.2455 2.1154E-04
 72  10.9090554   1299.43 2.0407E+02  0.2801  0.2310 2.3837E-04
 73  12.7415062   1343.44 2.0402E+02  0.2784  0.2145 2.6923E-04
 74  14.8817633   1386.62 2.0402E+02  0.2769  0.2038 3.0460E-04
 75  17.3815305   1430.11 2.0404E+02  0.2754  0.1989 3.4490E-04
 76  20.3011965   1475.01 2.0407E+02  0.2738  0.1991 3.9056E-04
 77  23.7112941   1522.54 2.0408E+02  0.2721  0.2042 4.4196E-04
 78  27.6942035   1573.36 2.0411E+02  0.2704  0.2114 4.9961E-04
 79  32.3461429   1628.37 2.0419E+02  0.2686  0.2214 5.6377E-04
 80  37.7794928   1686.70 2.0436E+02  0.2667  0.2267 6.3552E-04
 81  44.1255107   1750.70 1.7939E+05  0.2646  0.2398 7.1505E-04
 82  51.5375022   1823.84 1.6281E+06  0.2624  0.2636 8.0178E-04
 83  60.1945245   1899.29 3.1439E+06  0.2597  0.2611 8.9952E-04
 84  70.3057119   1977.06 4.7782E+06  0.2571  0.2585 1.0096E-03
 85  82.1153280   2057.21 6.2942E+06  0.2544  0.2559 1.1336E-03
 86  95.9086667   2139.59 7.4430E+06  0.2512  0.2529 1.2732E-03
 87 112.0189443   2224.23 8.2566E+06  0.2482  0.2498 1.4304E-03
 88 130.8353490   2311.17 8.6616E+06  0.2449  0.2470 1.6081E-03
 89 152.8124430   2400.10 8.9590E+06  0.2410  0.2432 1.8084E-03
 90 178.4811439   2491.02 9.1461E+06  0.2374  0.2395 2.0348E-03
 91 208.4615500   2584.02 1.0119E+07  0.2336  0.2361 2.2905E-03
