 650.    31.60   0.28 0.0 0.100E+06  0.00  1.00  1.00  Teff, grav(MKS), Y, f_sed, kz_min, [Fe/H], C/O, f_hole
  1   0.0001778    247.29 2.9522E+03  0.0000  0.0000 2.0424E-08
  2   0.0002055    247.98 3.3359E+03  0.3070  0.0192 2.3534E-08
  3   0.0002374    248.93 3.9150E+03  0.3069  0.0266 2.7089E-08
  4   0.0002743    250.18 3.5143E+03  0.3067  0.0345 3.1145E-08
  5   0.0003170    251.74 3.2598E+03  0.3065  0.0431 3.5764E-08
  6   0.0003663    253.64 3.1055E+03  0.3063  0.0520 4.1015E-08
  7   0.0004232    255.84 2.9914E+03  0.3061  0.0599 4.6984E-08
  8   0.0004890    258.32 2.8998E+03  0.3058  0.0667 5.3768E-08
  9   0.0005651    261.02 2.8233E+03  0.3056  0.0720 6.1485E-08
 10   0.0006529    263.95 2.7588E+03  0.3053  0.0771 7.0258E-08
 11   0.0007544    267.08 2.7047E+03  0.3049  0.0817 8.0229E-08
 12   0.0008718    270.34 2.6593E+03  0.3046  0.0838 9.1586E-08
 13   0.0010073    273.58 2.6205E+03  0.3043  0.0826 1.0457E-07
 14   0.0011639    276.94 2.5869E+03  0.3039  0.0843 1.1937E-07
 15   0.0013449    280.49 2.5578E+03  0.3036  0.0883 1.3618E-07
 16   0.0015540    284.21 2.5325E+03  0.3032  0.0910 1.5529E-07
 17   0.0017956    288.06 2.5105E+03  0.3030  0.0931 1.7704E-07
 18   0.0020748    292.01 2.4911E+03  0.3027  0.0942 2.0180E-07
 19   0.0023974    296.06 2.4741E+03  0.3025  0.0954 2.2998E-07
 20   0.0027701    300.32 2.4593E+03  0.3022  0.0988 2.6197E-07
 21   0.0032008    304.82 2.4463E+03  0.3019  0.1029 2.9823E-07
 22   0.0036985    309.58 2.4350E+03  0.3016  0.1072 3.3930E-07
 23   0.0042735    314.57 2.4252E+03  0.3013  0.1106 3.8583E-07
 24   0.0049380    319.79 2.4167E+03  0.3010  0.1139 4.3855E-07
 25   0.0057057    325.22 2.4095E+03  0.3008  0.1167 4.9826E-07
 26   0.0065929    330.88 2.4033E+03  0.3006  0.1193 5.6589E-07
 27   0.0076179    336.78 2.3981E+03  0.3004  0.1222 6.4243E-07
 28   0.0088024    342.94 2.3936E+03  0.3002  0.1255 7.2897E-07
 29   0.0101710    349.44 2.3899E+03  0.3000  0.1299 8.2664E-07
 30   0.0117524    356.36 2.3867E+03  0.2998  0.1357 9.3662E-07
 31   0.0135797    363.73 2.3842E+03  0.2996  0.1416 1.0603E-06
 32   0.0156910    371.57 2.3822E+03  0.2995  0.1475 1.1993E-06
 33   0.0181307    379.90 2.3807E+03  0.2993  0.1535 1.3554E-06
 34   0.0209497    388.79 2.3794E+03  0.2992  0.1600 1.5303E-06
 35   0.0242070    398.30 2.3785E+03  0.2990  0.1672 1.7261E-06
 36   0.0279707    408.54 2.3778E+03  0.2989  0.1757 1.9444E-06
 37   0.0323196    419.74 2.3772E+03  0.2988  0.1870 2.1868E-06
 38   0.0373447    431.86 2.3768E+03  0.2987  0.1970 2.4559E-06
 39   0.0431511    444.87 2.3765E+03  0.2986  0.2054 2.7547E-06
 40   0.0498603    458.76 2.3764E+03  0.2985  0.2128 3.0865E-06
 41   0.0576127    473.56 2.3763E+03  0.2984  0.2196 3.4549E-06
 42   0.0665704    489.32 2.3762E+03  0.2983  0.2266 3.8634E-06
 43   0.0769208    506.17 2.3762E+03  0.2982  0.2342 4.3155E-06
 44   0.0888806    524.10 2.3762E+03  0.2981  0.2408 4.8160E-06
 45   0.1026999    543.07 2.3762E+03  0.2980  0.2461 5.3703E-06
 46   0.1186678    562.95 2.3761E+03  0.2979  0.2487 5.9861E-06
 47   0.1371184    583.81 2.3760E+03  0.2977  0.2518 6.6695E-06
 48   0.1584378    605.81 2.3759E+03  0.2975  0.2560 7.4266E-06
 49   0.1830719    628.99 2.3757E+03  0.2974  0.2598 8.2651E-06
 50   0.2115362    653.44 2.3755E+03  0.2971  0.2638 9.1930E-06
 51   0.2444262    679.39 2.3753E+03  0.2968  0.2695 1.0217E-05
 52   0.2824299    707.11 6.3282E+00  0.2965  0.2767 1.1342E-05
 53   0.3263425    738.05 7.7922E+04  0.2961  0.2963 1.2556E-05
 54   0.3770826    770.29 2.2239E+05  0.2955  0.2958 1.3901E-05
 55   0.4357120    803.87 4.3433E+05  0.2950  0.2953 1.5392E-05
 56   0.5034571    838.84 6.9956E+05  0.2942  0.2947 1.7044E-05
 57   0.5817353    875.23 9.9389E+05  0.2934  0.2938 1.8875E-05
 58   0.6721843    913.09 1.2906E+06  0.2926  0.2930 2.0905E-05
 59   0.7766964    952.44 1.4953E+06  0.2914  0.2920 2.3157E-05
 60   0.8974583    993.34 1.5522E+06  0.2903  0.2909 2.5655E-05
 61   1.0369963   1035.82 1.3914E+06  0.2891  0.2898 2.8428E-05
 62   1.1982300   1079.89 9.5731E+05  0.2876  0.2884 3.1500E-05
 63   1.3845324   1125.61 3.5086E+05  0.2862  0.2869 3.4908E-05
 64   1.5998014   1173.01 2.3808E+03  0.2846  0.2854 3.8696E-05
 65   1.8485408   1218.43 2.3784E+03  0.2829  0.2629 4.3044E-05
 66   2.1359545   1258.63 2.3778E+03  0.2814  0.2246 4.8150E-05
 67   2.4680556   1296.47 2.3778E+03  0.2800  0.2050 5.4019E-05
 68   2.8517923   1333.10 2.3780E+03  0.2786  0.1928 6.0708E-05
 69   3.2951929   1369.02 2.3781E+03  0.2773  0.1840 6.8296E-05
 70   3.8075341   1404.87 2.3781E+03  0.2761  0.1788 7.6889E-05
 71   4.3995348   1441.83 2.3779E+03  0.2748  0.1797 8.6562E-05
 72   5.0835805   1480.84 2.3777E+03  0.2734  0.1847 9.7386E-05
 73   5.8739827   1522.76 2.3775E+03  0.2719  0.1931 1.0944E-04
 74   6.7872777   1568.19 2.3773E+03  0.2704  0.2034 1.2279E-04
 75   7.8425730   1618.12 2.3772E+03  0.2687  0.2169 1.3752E-04
 76   9.0619471   1674.33 1.2216E+05  0.2667  0.2363 1.5358E-04
 77  10.4709112   1739.88 1.8051E+06  0.2645  0.2657 1.7080E-04
 78  12.0989430   1807.40 3.6562E+06  0.2623  0.2634 1.9002E-04
 79  13.9801034   1876.84 5.2614E+06  0.2594  0.2609 2.1149E-04
 80  16.1537493   1948.16 6.6484E+06  0.2566  0.2580 2.3547E-04
 81  18.6653566   2021.38 7.6683E+06  0.2539  0.2553 2.6227E-04
 82  21.5674721   2096.42 8.3860E+06  0.2501  0.2522 2.9228E-04
 83  24.9208126   2173.05 8.7141E+06  0.2464  0.2484 3.2589E-04
 84  28.7955351   2251.35 8.8997E+06  0.2430  0.2449 3.6340E-04
 85  33.2727048   2331.26 9.0885E+06  0.2383  0.2413 4.0536E-04
 86  38.4459910   2412.22 9.2451E+06  0.2334  0.2362 4.5249E-04
 87  44.4236270   2494.36 9.3808E+06  0.2291  0.2317 5.0536E-04
 88  51.3306741   2577.76 9.5014E+06  0.2243  0.2276 5.6469E-04
 89  59.3116384   2661.82 9.6042E+06  0.2185  0.2221 6.3142E-04
 90  68.5334941   2746.51 9.6913E+06  0.2134  0.2167 7.0648E-04
 91  79.1891768   2831.90 1.0121E+07  0.2088  0.2118 7.9095E-04
