 700.   562.00   0.28 0.0 0.100E+06  0.00  1.00  1.00  Teff, grav(MKS), Y, f_sed, kz_min, [Fe/H], C/O, f_hole
  1   0.0001778    222.74 4.0876E+02  0.0000  0.0000 2.2675E-08
  2   0.0002079    223.83 4.8689E+02  0.3108  0.0312 2.6376E-08
  3   0.0002430    225.06 5.7601E+02  0.3106  0.0351 3.0661E-08
  4   0.0002840    226.52 5.3847E+02  0.3104  0.0417 3.5607E-08
  5   0.0003319    228.17 4.9393E+02  0.3101  0.0465 4.1319E-08
  6   0.0003880    230.01 4.6008E+02  0.3098  0.0514 4.7910E-08
  7   0.0004535    232.07 4.3284E+02  0.3095  0.0570 5.5505E-08
  8   0.0005301    234.39 4.1016E+02  0.3092  0.0637 6.4237E-08
  9   0.0006196    237.00 3.9090E+02  0.3088  0.0710 7.4257E-08
 10   0.0007243    239.86 3.7455E+02  0.3084  0.0770 8.5760E-08
 11   0.0008466    242.83 3.6081E+02  0.3079  0.0787 9.9019E-08
 12   0.0009895    245.81 3.4940E+02  0.3075  0.0782 1.1434E-07
 13   0.0011567    248.82 3.3996E+02  0.3071  0.0781 1.3203E-07
 14   0.0013520    251.92 3.3209E+02  0.3066  0.0793 1.5242E-07
 15   0.0015803    255.14 3.2545E+02  0.3062  0.0813 1.7592E-07
 16   0.0018472    258.52 3.1981E+02  0.3059  0.0844 2.0294E-07
 17   0.0021591    262.05 3.1499E+02  0.3055  0.0870 2.3401E-07
 18   0.0025237    265.87 3.1091E+02  0.3051  0.0927 2.6960E-07
 19   0.0029499    270.05 3.0754E+02  0.3047  0.1000 3.1025E-07
 20   0.0034480    274.30 3.0474E+02  0.3042  0.1001 3.5702E-07
 21   0.0040303    278.44 3.0232E+02  0.3038  0.0961 4.1110E-07
 22   0.0047109    282.58 3.0018E+02  0.3034  0.0945 4.7349E-07
 23   0.0055064    286.82 2.9832E+02  0.3031  0.0955 5.4526E-07
 24   0.0064363    291.17 2.9673E+02  0.3028  0.0965 6.2781E-07
 25   0.0075232    295.63 2.9538E+02  0.3025  0.0973 7.2276E-07
 26   0.0087937    300.17 2.9426E+02  0.3022  0.0977 8.3203E-07
 27   0.0102787    304.83 2.9332E+02  0.3019  0.0988 9.5766E-07
 28   0.0120145    309.68 2.9252E+02  0.3016  0.1012 1.1018E-06
 29   0.0140434    314.74 2.9186E+02  0.3013  0.1038 1.2672E-06
 30   0.0164149    320.00 2.9130E+02  0.3010  0.1062 1.4569E-06
 31   0.0191869    325.46 2.9083E+02  0.3008  0.1085 1.6743E-06
 32   0.0224271    331.15 2.9044E+02  0.3006  0.1110 1.9234E-06
 33   0.0262144    337.05 2.9013E+02  0.3004  0.1133 2.2089E-06
 34   0.0306412    343.21 2.8987E+02  0.3002  0.1159 2.5356E-06
 35   0.0358157    349.64 2.8966E+02  0.3000  0.1191 2.9092E-06
 36   0.0418639    356.40 2.8949E+02  0.2998  0.1227 3.3360E-06
 37   0.0489336    363.54 2.8935E+02  0.2996  0.1271 3.8228E-06
 38   0.0571971    371.12 2.8924E+02  0.2995  0.1322 4.3771E-06
 39   0.0668560    379.19 2.8914E+02  0.2993  0.1379 5.0074E-06
 40   0.0781461    387.82 2.8907E+02  0.2992  0.1441 5.7228E-06
 41   0.0913428    397.05 2.8902E+02  0.2990  0.1507 6.5337E-06
 42   0.1067680    407.00 2.8897E+02  0.2989  0.1587 7.4503E-06
 43   0.1247981    417.67 2.8894E+02  0.2988  0.1658 8.4860E-06
 44   0.1458730    429.14 2.8892E+02  0.2987  0.1736 9.6540E-06
 45   0.1705068    441.56 2.8890E+02  0.2986  0.1828 1.0967E-05
 46   0.1993006    455.04 2.8890E+02  0.2985  0.1928 1.2439E-05
 47   0.2329569    469.73 2.8891E+02  0.2984  0.2036 1.4085E-05
 48   0.2722967    485.75 2.8894E+02  0.2983  0.2149 1.5921E-05
 49   0.3182799    503.33 2.8900E+02  0.2982  0.2279 1.7959E-05
 50   0.3720284    522.20 2.8907E+02  0.2981  0.2358 2.0233E-05
 51   0.4348535    542.29 2.8916E+02  0.2980  0.2419 2.2773E-05
 52   0.5082879    563.62 2.8926E+02  0.2979  0.2473 2.5610E-05
 53   0.5941234    586.17 2.8935E+02  0.2977  0.2513 2.8783E-05
 54   0.6944540    609.66 2.8941E+02  0.2975  0.2519 3.2347E-05
 55   0.8117277    634.09 2.8944E+02  0.2973  0.2517 3.6354E-05
 56   0.9488056    659.40 2.8945E+02  0.2971  0.2509 4.0862E-05
 57   1.1090320    685.36 2.8943E+02  0.2967  0.2475 4.5953E-05
 58   1.2963162    711.73 2.8939E+02  0.2964  0.2419 5.1721E-05
 59   1.5152274    738.87 2.8934E+02  0.2960  0.2398 5.8235E-05
 60   1.7711064    767.13 2.8927E+02  0.2956  0.2406 6.5561E-05
 61   2.0701963    796.83 2.8919E+02  0.2951  0.2434 7.3777E-05
 62   2.4197939    828.33 2.8909E+02  0.2944  0.2484 8.2958E-05
 63   2.8284287    861.99 2.8895E+02  0.2937  0.2553 9.3181E-05
 64   3.3060704    898.49 2.8879E+02  0.2929  0.2658 1.0449E-04
 65   3.8643722    937.80 2.8855E+02  0.2919  0.2744 1.1702E-04
 66   4.5169555    980.25 2.0151E+04  0.2907  0.2837 1.3085E-04
 67   5.2797416   1025.64 8.0127E+04  0.2895  0.2901 1.4619E-04
 68   6.1713408   1072.90 3.7069E+04  0.2879  0.2887 1.6334E-04
 69   7.2135059   1122.07 0.0000E+00  0.2863  0.2871 1.8256E-04
 70   8.4316631   1173.20 2.8980E+02  0.2846  0.2856 2.0408E-04
 71   9.8555328   1221.58 2.8990E+02  0.2828  0.2590 2.2911E-04
 72  11.5198537   1268.90 2.9018E+02  0.2812  0.2436 2.5778E-04
 73  13.4652315   1314.40 2.9032E+02  0.2795  0.2258 2.9083E-04
 74  15.7391285   1358.55 2.9037E+02  0.2779  0.2117 3.2884E-04
 75  18.3970226   1402.30 2.9038E+02  0.2763  0.2031 3.7234E-04
 76  21.5037598   1446.67 2.9036E+02  0.2748  0.1996 4.2186E-04
 77  25.1351371   1492.78 2.9039E+02  0.2732  0.2011 4.7791E-04
 78  29.3797514   1541.60 2.9036E+02  0.2715  0.2062 5.4103E-04
 79  34.3411611   1593.10 2.9030E+02  0.2698  0.2106 6.1180E-04
 80  40.1404128   1647.18 2.9017E+02  0.2680  0.2140 6.9145E-04
 81  46.9189941   1705.50 2.8998E+02  0.2660  0.2229 7.8047E-04
 82  54.8422863   1770.88 6.5814E+05  0.2640  0.2411 8.7860E-04
 83  64.1035986   1845.07 2.3904E+06  0.2617  0.2630 9.8591E-04
 84  74.9288848   1921.57 4.3873E+06  0.2590  0.2604 1.1069E-03
 85  87.5822559   2000.46 6.6333E+06  0.2565  0.2578 1.2433E-03
 86 102.3724239   2081.76 8.7008E+06  0.2536  0.2553 1.3965E-03
 87 119.6602332   2165.31 1.0171E+07  0.2506  0.2522 1.5693E-03
 88 139.8674649   2251.18 1.1201E+07  0.2477  0.2492 1.7644E-03
 89 163.4871271   2339.38 1.1706E+07  0.2441  0.2463 1.9849E-03
 90 191.0954826   2429.58 1.2111E+07  0.2404  0.2425 2.2342E-03
 91 223.3661093   2521.88 1.3611E+07  0.2370  0.2390 2.5154E-03
