 700.  1000.00   0.28 0.0 0.100E+06  0.00  1.00  1.00  Teff, grav(MKS), Y, f_sed, kz_min, [Fe/H], C/O, f_hole
  1   0.0001778    217.48 2.3918E+02  0.0000  0.0000 2.3224E-08
  2   0.0002082    218.33 2.8727E+02  0.3118  0.0248 2.7081E-08
  3   0.0002437    219.23 3.3993E+02  0.3116  0.0260 3.1572E-08
  4   0.0002853    220.38 3.2323E+02  0.3115  0.0332 3.6767E-08
  5   0.0003340    221.76 2.9976E+02  0.3112  0.0397 4.2773E-08
  6   0.0003910    223.35 2.8065E+02  0.3109  0.0454 4.9716E-08
  7   0.0004577    225.15 2.6443E+02  0.3106  0.0508 5.7736E-08
  8   0.0005358    227.14 2.5037E+02  0.3103  0.0560 6.6995E-08
  9   0.0006272    229.35 2.3810E+02  0.3100  0.0614 7.7673E-08
 10   0.0007343    231.80 2.2736E+02  0.3096  0.0674 8.9968E-08
 11   0.0008596    234.49 2.1792E+02  0.3092  0.0734 1.0411E-07
 12   0.0010062    237.45 2.0958E+02  0.3088  0.0796 1.2036E-07
 13   0.0011779    240.62 2.0227E+02  0.3083  0.0841 1.3904E-07
 14   0.0013790    243.85 1.9599E+02  0.3078  0.0845 1.6061E-07
 15   0.0016143    247.05 1.9070E+02  0.3073  0.0829 1.8558E-07
 16   0.0018898    250.29 1.8624E+02  0.3069  0.0825 2.1445E-07
 17   0.0022123    253.61 1.8248E+02  0.3064  0.0838 2.4775E-07
 18   0.0025898    257.09 1.7930E+02  0.3060  0.0864 2.8611E-07
 19   0.0030317    260.71 1.7660E+02  0.3056  0.0887 3.3028E-07
 20   0.0035491    264.63 1.7431E+02  0.3052  0.0947 3.8092E-07
 21   0.0041547    268.98 1.7243E+02  0.3048  0.1036 4.3870E-07
 22   0.0048638    273.48 1.7090E+02  0.3043  0.1052 5.0513E-07
 23   0.0056938    277.80 1.6962E+02  0.3039  0.0996 5.8212E-07
 24   0.0066654    282.05 1.6852E+02  0.3035  0.0964 6.7119E-07
 25   0.0078029    286.37 1.6757E+02  0.3031  0.0964 7.7389E-07
 26   0.0091344    290.79 1.6676E+02  0.3028  0.0974 8.9216E-07
 27   0.0106932    295.36 1.6608E+02  0.3025  0.0989 1.0282E-06
 28   0.0125180    300.04 1.6550E+02  0.3022  0.0997 1.1849E-06
 29   0.0146542    304.83 1.6502E+02  0.3019  0.1006 1.3653E-06
 30   0.0171550    309.79 1.6462E+02  0.3016  0.1025 1.5727E-06
 31   0.0200825    314.94 1.6429E+02  0.3013  0.1047 1.8110E-06
 32   0.0235096    320.30 1.6401E+02  0.3010  0.1070 2.0846E-06
 33   0.0275215    325.86 1.6379E+02  0.3008  0.1092 2.3987E-06
 34   0.0322180    331.68 1.6360E+02  0.3006  0.1125 2.7587E-06
 35   0.0377160    337.74 1.6345E+02  0.3004  0.1148 3.1716E-06
 36   0.0441523    344.00 1.6332E+02  0.3002  0.1167 3.6452E-06
 37   0.0516869    350.52 1.6322E+02  0.3000  0.1192 4.1879E-06
 38   0.0605073    357.37 1.6314E+02  0.2997  0.1227 4.8086E-06
 39   0.0708329    364.60 1.6308E+02  0.2996  0.1272 5.5175E-06
 40   0.0829206    372.30 1.6302E+02  0.2995  0.1325 6.3256E-06
 41   0.0970710    380.53 1.6298E+02  0.2993  0.1388 7.2449E-06
 42   0.1136362    389.35 1.6295E+02  0.2992  0.1455 8.2890E-06
 43   0.1330283    398.75 1.6293E+02  0.2990  0.1513 9.4749E-06
 44   0.1557296    408.76 1.6291E+02  0.2989  0.1574 1.0820E-05
 45   0.1823050    419.50 1.6289E+02  0.2988  0.1646 1.2342E-05
 46   0.2134154    431.09 1.6288E+02  0.2987  0.1730 1.4060E-05
 47   0.2498348    443.69 1.6287E+02  0.2986  0.1828 1.5992E-05
 48   0.2924692    457.46 1.6287E+02  0.2985  0.1939 1.8158E-05
 49   0.3423792    472.51 1.6286E+02  0.2984  0.2054 2.0579E-05
 50   0.4008064    488.80 1.6285E+02  0.2983  0.2151 2.3288E-05
 51   0.4692042    506.46 1.6284E+02  0.2982  0.2253 2.6311E-05
 52   0.5492741    525.55 1.6283E+02  0.2981  0.2348 2.9682E-05
 53   0.6430080    546.14 1.6282E+02  0.2980  0.2439 3.3437E-05
 54   0.7527376    568.25 1.6280E+02  0.2978  0.2520 3.7619E-05
 55   0.8811926    591.79 1.6279E+02  0.2977  0.2575 4.2287E-05
 56   1.0315685    616.47 1.6278E+02  0.2975  0.2594 4.7522E-05
 57   1.2076062    641.71 1.6277E+02  0.2973  0.2546 5.3442E-05
 58   1.4136847    667.26 1.6277E+02  0.2970  0.2479 6.0164E-05
 59   1.6549306    693.16 1.6277E+02  0.2967  0.2417 6.7798E-05
 60   1.9373453    719.64 1.6278E+02  0.2964  0.2380 7.6448E-05
 61   2.2679542    746.95 1.6278E+02  0.2959  0.2364 8.6223E-05
 62   2.6549816    775.33 1.6279E+02  0.2954  0.2366 9.7244E-05
 63   3.1080554    805.09 1.6280E+02  0.2949  0.2391 1.0963E-04
 64   3.6384465    836.41 1.6281E+02  0.2943  0.2422 1.2353E-04
 65   4.2593490    869.74 1.6282E+02  0.2935  0.2480 1.3907E-04
 66   4.9862088    905.87 1.6283E+02  0.2927  0.2584 1.5631E-04
 67   5.8371076    944.87 1.6284E+02  0.2917  0.2675 1.7543E-04
 68   6.8332127    986.87 1.6288E+02  0.2905  0.2760 1.9662E-04
 69   7.9993036   1031.88 1.6289E+02  0.2893  0.2830 2.2015E-04
 70   9.3643883   1079.49 1.6287E+02  0.2877  0.2863 2.4635E-04
 71  10.9624255   1128.63 1.6284E+02  0.2861  0.2825 2.7584E-04
 72  12.8331684   1177.96 1.6279E+02  0.2844  0.2715 3.0938E-04
 73  15.0231544   1226.30 1.6275E+02  0.2827  0.2553 3.4788E-04
 74  17.5868625   1273.43 1.6272E+02  0.2810  0.2393 3.9214E-04
 75  20.5880685   1319.42 1.6270E+02  0.2793  0.2252 4.4302E-04
 76  24.1014318   1364.96 1.6270E+02  0.2777  0.2153 5.0131E-04
 77  28.2143521   1410.97 1.6270E+02  0.2761  0.2104 5.6777E-04
 78  33.0291441   1458.28 1.6269E+02  0.2744  0.2093 6.4307E-04
 79  38.6655825   1506.44 1.6267E+02  0.2727  0.2062 7.2858E-04
 80  45.2638817   1556.03 1.6270E+02  0.2710  0.2056 8.2556E-04
 81  52.9881837   1607.98 1.6275E+02  0.2693  0.2084 9.3508E-04
 82  62.0306413   1663.48 1.6293E+02  0.2675  0.2154 1.0581E-03
 83  72.6161984   1724.14 1.6347E+02  0.2655  0.2273 1.1952E-03
 84  85.0081856   1792.97 1.0240E+06  0.2634  0.2485 1.3457E-03
 85  99.5148710   1868.63 2.7413E+06  0.2610  0.2623 1.5120E-03
 86 116.4971290   1946.69 4.7519E+06  0.2585  0.2598 1.6989E-03
 87 136.3774169   2027.22 7.0676E+06  0.2560  0.2573 1.9098E-03
 88 159.6502851   2110.20 8.7253E+06  0.2530  0.2546 2.1478E-03
 89 186.8946787   2195.55 1.0265E+07  0.2501  0.2517 2.4170E-03
 90 218.7883405   2283.35 1.1219E+07  0.2474  0.2489 2.7214E-03
 91 256.1246701   2373.48 1.3611E+07  0.2437  0.2457 3.0655E-03
