 750.    17.80   0.28 0.0 0.100E+06  0.00  1.00  1.00  Teff, grav(MKS), Y, f_sed, kz_min, [Fe/H], C/O, f_hole
  1   0.0001778    325.72 1.5512E+04  0.0000  0.0000 1.5504E-08
  2   0.0002050    326.85 1.7132E+04  0.3007  0.0244 1.7815E-08
  3   0.0002364    328.47 1.9559E+04  0.3007  0.0348 2.0439E-08
  4   0.0002726    330.45 1.7972E+04  0.3006  0.0422 2.3426E-08
  5   0.0003143    332.72 1.6973E+04  0.3005  0.0480 2.6826E-08
  6   0.0003624    335.19 1.6329E+04  0.3004  0.0520 3.0702E-08
  7   0.0004178    337.86 1.5837E+04  0.3003  0.0556 3.5120E-08
  8   0.0004817    340.70 1.5439E+04  0.3002  0.0588 4.0155E-08
  9   0.0005555    343.70 1.5107E+04  0.3001  0.0617 4.5894E-08
 10   0.0006404    346.85 1.4825E+04  0.3000  0.0641 5.2436E-08
 11   0.0007384    350.14 1.4583E+04  0.2999  0.0663 5.9891E-08
 12   0.0008514    353.56 1.4375E+04  0.2998  0.0682 6.8389E-08
 13   0.0009817    357.09 1.4195E+04  0.2997  0.0697 7.8076E-08
 14   0.0011319    360.69 1.4038E+04  0.2996  0.0706 8.9120E-08
 15   0.0013051    364.39 1.3900E+04  0.2996  0.0717 1.0171E-07
 16   0.0015048    368.23 1.3777E+04  0.2995  0.0735 1.1605E-07
 17   0.0017350    372.23 1.3667E+04  0.2994  0.0760 1.3237E-07
 18   0.0020005    376.45 1.3568E+04  0.2994  0.0791 1.5091E-07
 19   0.0023066    380.89 1.3479E+04  0.2993  0.0824 1.7197E-07
 20   0.0026595    385.57 1.3398E+04  0.2992  0.0858 1.9588E-07
 21   0.0030664    390.49 1.3326E+04  0.2991  0.0890 2.2301E-07
 22   0.0035356    395.64 1.3261E+04  0.2990  0.0921 2.5378E-07
 23   0.0040766    401.06 1.3203E+04  0.2989  0.0956 2.8865E-07
 24   0.0047003    406.78 1.3151E+04  0.2989  0.0995 3.2813E-07
 25   0.0054195    412.83 1.3105E+04  0.2988  0.1036 3.7279E-07
 26   0.0062487    419.22 1.3066E+04  0.2988  0.1079 4.2327E-07
 27   0.0072048    425.99 1.3032E+04  0.2987  0.1124 4.8029E-07
 28   0.0083072    433.14 1.3003E+04  0.2986  0.1170 5.4464E-07
 29   0.0095782    440.69 1.2980E+04  0.2986  0.1215 6.1722E-07
 30   0.0110437    448.68 1.2961E+04  0.2985  0.1262 6.9898E-07
 31   0.0127335    457.17 1.2945E+04  0.2985  0.1316 7.9095E-07
 32   0.0146818    466.21 1.2933E+04  0.2984  0.1376 8.9427E-07
 33   0.0169282    475.88 1.2922E+04  0.2983  0.1441 1.0102E-06
 34   0.0195183    486.23 1.2914E+04  0.2983  0.1511 1.1399E-06
 35   0.0225047    497.32 1.2907E+04  0.2982  0.1584 1.2851E-06
 36   0.0259481    509.20 1.2901E+04  0.2982  0.1658 1.4471E-06
 37   0.0299183    521.94 1.2897E+04  0.2981  0.1736 1.6278E-06
 38   0.0344960    535.64 1.2893E+04  0.2980  0.1821 1.8288E-06
 39   0.0397741    550.42 1.2890E+04  0.2979  0.1911 2.0520E-06
 40   0.0458598    566.31 1.2888E+04  0.2978  0.1999 2.2996E-06
 41   0.0528766    583.37 1.2886E+04  0.2977  0.2084 2.5739E-06
 42   0.0609670    601.69 1.2885E+04  0.2976  0.2173 2.8773E-06
 43   0.0702953    621.36 1.2884E+04  0.2974  0.2259 3.2126E-06
 44   0.0810509    642.46 1.2883E+04  0.2972  0.2345 3.5825E-06
 45   0.0934522    665.10 1.2882E+04  0.2970  0.2432 3.9901E-06
 46   0.1077510    689.50 1.2882E+04  0.2967  0.2531 4.4377E-06
 47   0.1242375    715.88 0.0000E+00  0.2964  0.2637 4.9282E-06
 48   0.1432466    746.72 9.1100E+04  0.2959  0.2962 5.4477E-06
 49   0.1651642    778.82 2.6855E+05  0.2954  0.2957 6.0223E-06
 50   0.1904353    812.24 5.3777E+05  0.2949  0.2951 6.6582E-06
 51   0.2195731    847.02 8.5610E+05  0.2940  0.2945 7.3621E-06
 52   0.2531691    883.18 1.1884E+06  0.2932  0.2936 8.1402E-06
 53   0.2919055    920.78 1.5192E+06  0.2923  0.2928 9.0022E-06
 54   0.3365688    959.84 1.6117E+06  0.2912  0.2918 9.9562E-06
 55   0.3880659   1000.39 1.2973E+06  0.2901  0.2907 1.1011E-05
 56   0.4474423   1042.50 6.6125E+05  0.2888  0.2896 1.2178E-05
 57   0.5159037   1086.15 0.0000E+00  0.2874  0.2881 1.3474E-05
 58   0.5948400   1131.40 1.2884E+04  0.2860  0.2867 1.4915E-05
 59   0.6858542   1169.74 1.2882E+04  0.2845  0.2341 1.6634E-05
 60   0.7907940   1205.71 1.2882E+04  0.2832  0.2127 1.8610E-05
 61   0.9117902   1240.04 1.2881E+04  0.2819  0.1972 2.0865E-05
 62   1.0512997   1273.20 1.2881E+04  0.2808  0.1854 2.3429E-05
 63   1.2121549   1305.77 1.2881E+04  0.2796  0.1774 2.6337E-05
 64   1.3976219   1338.65 1.2881E+04  0.2784  0.1747 2.9620E-05
 65   1.6114665   1372.35 1.2881E+04  0.2772  0.1746 3.3314E-05
 66   1.8580306   1407.20 1.2881E+04  0.2759  0.1762 3.7461E-05
 67   2.1423205   1443.53 1.2881E+04  0.2747  0.1790 4.2106E-05
 68   2.4701084   1481.71 1.2882E+04  0.2733  0.1834 4.7299E-05
 69   2.8480499   1522.34 1.2882E+04  0.2718  0.1900 5.3081E-05
 70   3.2838188   1566.54 1.2882E+04  0.2703  0.2010 5.9475E-05
 71   3.7862629   1617.01 0.0000E+00  0.2687  0.2227 6.6436E-05
 72   4.3655840   1679.82 2.3953E+06  0.2664  0.2676 7.3746E-05
 73   5.0335447   1744.46 5.5601E+06  0.2640  0.2652 8.1901E-05
 74   5.8037074   1810.97 8.6493E+06  0.2616  0.2628 9.0990E-05
 75   6.6917097   1879.28 1.1139E+07  0.2584  0.2601 1.0112E-04
 76   7.7155817   1949.29 1.3213E+07  0.2553  0.2569 1.1243E-04
 77   8.8961123   2021.06 1.4364E+07  0.2524  0.2539 1.2506E-04
 78  10.2572713   2094.43 1.5076E+07  0.2479  0.2505 1.3916E-04
 79  11.8266957   2169.08 1.5564E+07  0.2436  0.2460 1.5490E-04
 80  13.6362516   2245.09 1.5908E+07  0.2397  0.2419 1.7251E-04
 81  15.7226804   2322.49 1.6232E+07  0.2344  0.2381 1.9219E-04
 82  18.1283455   2400.48 1.6510E+07  0.2286  0.2320 2.1429E-04
 83  20.9020919   2479.16 1.6743E+07  0.2233  0.2265 2.3908E-04
 84  24.1002382   2558.68 1.6945E+07  0.2185  0.2217 2.6690E-04
 85  27.7877202   2638.59 1.7119E+07  0.2120  0.2160 2.9818E-04
 86  32.0394092   2718.59 1.7261E+07  0.2060  0.2098 3.3335E-04
 87  36.9416323   2798.81 1.7379E+07  0.2007  0.2043 3.7279E-04
 88  42.5939252   2879.43 1.7480E+07  0.1958  0.1995 4.1714E-04
 89  49.1110530   2960.14 1.7566E+07  0.1904  0.1942 4.6699E-04
 90  56.6253408   3040.93 1.7637E+07  0.1856  0.1891 5.2312E-04
 91  65.2893599   3121.91 1.7949E+07  0.1812  0.1846 5.8635E-04
