 750.   100.00   0.28 0.0 0.100E+06  0.00  1.00  1.00  Teff, grav(MKS), Y, f_sed, kz_min, [Fe/H], C/O, f_hole
  1   0.0001778    286.69 4.0496E+03  0.0000  0.0000 1.7617E-08
  2   0.0002055    287.70 4.5877E+03  0.3029  0.0243 2.0285E-08
  3   0.0002374    289.01 5.3313E+03  0.3028  0.0315 2.3332E-08
  4   0.0002743    290.56 4.8233E+03  0.3027  0.0371 2.6816E-08
  5   0.0003170    292.30 4.4555E+03  0.3026  0.0414 3.0801E-08
  6   0.0003663    294.22 4.2368E+03  0.3025  0.0452 3.5358E-08
  7   0.0004232    296.30 4.0853E+03  0.3024  0.0489 4.0567E-08
  8   0.0004890    298.56 3.9710E+03  0.3022  0.0524 4.6521E-08
  9   0.0005651    300.99 3.8796E+03  0.3021  0.0561 5.3319E-08
 10   0.0006529    303.60 3.8028E+03  0.3019  0.0599 6.1079E-08
 11   0.0007544    306.40 3.7360E+03  0.3018  0.0635 6.9931E-08
 12   0.0008718    309.38 3.6762E+03  0.3016  0.0670 8.0025E-08
 13   0.0010073    312.53 3.6222E+03  0.3014  0.0701 9.1536E-08
 14   0.0011639    315.82 3.5732E+03  0.3012  0.0723 1.0467E-07
 15   0.0013449    319.23 3.5289E+03  0.3010  0.0745 1.1965E-07
 16   0.0015540    322.78 3.4893E+03  0.3009  0.0764 1.3673E-07
 17   0.0017956    326.44 3.4543E+03  0.3008  0.0780 1.5622E-07
 18   0.0020748    330.19 3.4235E+03  0.3006  0.0791 1.7846E-07
 19   0.0023974    334.03 3.3966E+03  0.3005  0.0800 2.0383E-07
 20   0.0027701    337.97 3.3732E+03  0.3004  0.0810 2.3278E-07
 21   0.0032008    342.01 3.3529E+03  0.3002  0.0823 2.6580E-07
 22   0.0036985    346.19 3.3351E+03  0.3001  0.0842 3.0341E-07
 23   0.0042735    350.51 3.3196E+03  0.2999  0.0857 3.4627E-07
 24   0.0049380    354.97 3.3062E+03  0.2998  0.0875 3.9508E-07
 25   0.0057057    359.61 3.2944E+03  0.2997  0.0899 4.5061E-07
 26   0.0065929    364.47 3.2842E+03  0.2996  0.0929 5.1373E-07
 27   0.0076179    369.57 3.2754E+03  0.2995  0.0962 5.8541E-07
 28   0.0088024    374.94 3.2676E+03  0.2994  0.0997 6.6676E-07
 29   0.0101710    380.60 3.2609E+03  0.2993  0.1037 7.5898E-07
 30   0.0117524    386.58 3.2551E+03  0.2992  0.1080 8.6340E-07
 31   0.0135797    392.89 3.2500E+03  0.2991  0.1120 9.8162E-07
 32   0.0156910    399.53 3.2457E+03  0.2990  0.1159 1.1154E-06
 33   0.0181307    406.54 3.2421E+03  0.2989  0.1203 1.2666E-06
 34   0.0209497    413.97 3.2391E+03  0.2988  0.1254 1.4372E-06
 35   0.0242070    421.90 3.2366E+03  0.2988  0.1312 1.6295E-06
 36   0.0279707    430.38 3.2346E+03  0.2987  0.1376 1.8458E-06
 37   0.0323196    439.51 3.2330E+03  0.2986  0.1453 2.0884E-06
 38   0.0373447    449.20 3.2318E+03  0.2985  0.1509 2.3610E-06
 39   0.0431511    459.45 3.2309E+03  0.2985  0.1561 2.6672E-06
 40   0.0498603    470.34 3.2302E+03  0.2984  0.1621 3.0104E-06
 41   0.0576127    481.98 3.2296E+03  0.2983  0.1691 3.3945E-06
 42   0.0665704    494.45 3.2291E+03  0.2982  0.1767 3.8234E-06
 43   0.0769208    507.83 3.2287E+03  0.2982  0.1848 4.3014E-06
 44   0.0888806    522.13 3.2284E+03  0.2981  0.1921 4.8341E-06
 45   0.1026999    537.37 3.2282E+03  0.2980  0.1991 5.4273E-06
 46   0.1186678    553.45 3.2281E+03  0.2979  0.2040 6.0888E-06
 47   0.1371184    570.41 3.2279E+03  0.2978  0.2089 6.8262E-06
 48   0.1584378    588.40 3.2279E+03  0.2977  0.2148 7.6465E-06
 49   0.1830719    607.50 3.2278E+03  0.2975  0.2210 8.5576E-06
 50   0.2115362    627.74 3.2278E+03  0.2974  0.2268 9.5693E-06
 51   0.2444262    649.15 3.2278E+03  0.2972  0.2320 1.0693E-05
 52   0.2824299    671.77 3.2278E+03  0.2969  0.2371 1.1939E-05
 53   0.3263425    695.72 3.2278E+03  0.2966  0.2423 1.3320E-05
 54   0.3770826    721.07 3.2279E+03  0.2963  0.2477 1.4850E-05
 55   0.4357120    748.02 3.2280E+03  0.2959  0.2539 1.6541E-05
 56   0.5034571    776.81 3.2281E+03  0.2954  0.2614 1.8404E-05
 57   0.5817353    807.75 3.2284E+03  0.2949  0.2702 2.0452E-05
 58   0.6721843    841.89 7.6364E+04  0.2942  0.2864 2.2674E-05
 59   0.7766964    878.40 2.5591E+05  0.2934  0.2938 2.5110E-05
 60   0.8974583    916.38 5.1531E+05  0.2925  0.2929 2.7812E-05
 61   1.0369963    955.87 7.6359E+05  0.2914  0.2919 3.0810E-05
 62   1.1982300    996.90 9.3026E+05  0.2902  0.2908 3.4132E-05
 63   1.3845324   1039.51 9.0843E+05  0.2890  0.2897 3.7818E-05
 64   1.5998014   1083.73 5.9272E+05  0.2875  0.2882 4.1906E-05
 65   1.8485408   1129.59 1.1239E+05  0.2861  0.2868 4.6445E-05
 66   2.1359545   1177.13 3.2246E+03  0.2844  0.2853 5.1493E-05
 67   2.4680556   1221.53 3.2252E+03  0.2828  0.2562 5.7340E-05
 68   2.8517923   1262.70 3.2252E+03  0.2813  0.2294 6.4102E-05
 69   3.2951929   1301.73 3.2250E+03  0.2799  0.2107 7.1837E-05
 70   3.8075341   1338.48 3.2251E+03  0.2785  0.1926 8.0707E-05
 71   4.3995348   1374.26 3.2255E+03  0.2772  0.1825 9.0817E-05
 72   5.0835805   1410.16 3.2259E+03  0.2759  0.1785 1.0226E-04
 73   5.8739827   1446.92 3.2263E+03  0.2746  0.1781 1.1517E-04
 74   6.7872777   1485.15 3.2266E+03  0.2732  0.1804 1.2966E-04
 75   7.8425730   1525.36 3.2267E+03  0.2718  0.1849 1.4588E-04
 76   9.0619471   1567.95 3.2268E+03  0.2704  0.1906 1.6399E-04
 77  10.4709112   1613.71 3.2269E+03  0.2689  0.1991 1.8412E-04
 78  12.0989430   1664.61 3.2272E+03  0.2671  0.2149 2.0622E-04
 79  13.9801034   1724.50 1.1818E+06  0.2651  0.2446 2.3003E-04
 80  16.1537493   1791.59 4.1037E+06  0.2630  0.2641 2.5590E-04
 81  18.6653566   1860.66 7.0259E+06  0.2603  0.2618 2.8479E-04
 82  21.5674721   1931.62 9.8209E+06  0.2576  0.2590 3.1706E-04
 83  24.9208126   2004.53 1.2297E+07  0.2550  0.2564 3.5306E-04
 84  28.7955351   2079.38 1.4158E+07  0.2517  0.2537 3.9339E-04
 85  33.2727048   2155.90 1.4933E+07  0.2481  0.2500 4.3854E-04
 86  38.4459910   2234.15 1.5401E+07  0.2449  0.2467 4.8892E-04
 87  44.4236270   2314.21 1.5814E+07  0.2410  0.2436 5.4528E-04
 88  51.3306741   2395.50 1.6125E+07  0.2363  0.2389 6.0850E-04
 89  59.3116384   2478.10 1.6398E+07  0.2321  0.2346 6.7939E-04
 90  68.5334941   2562.11 1.6643E+07  0.2281  0.2307 7.5891E-04
 91  79.1891768   2647.10 1.7939E+07  0.2225  0.2258 8.4828E-04
