 750.  1780.00   0.28 0.0 0.100E+06  0.00  1.00  1.00  Teff, grav(MKS), Y, f_sed, kz_min, [Fe/H], C/O, f_hole
  1   0.0001778    239.70 2.7329E+02  0.0000  0.0000 2.1070E-08
  2   0.0002087    240.59 3.2851E+02  0.3081  0.0230 2.4636E-08
  3   0.0002449    241.50 3.8638E+02  0.3080  0.0236 2.8802E-08
  4   0.0002874    242.54 3.7502E+02  0.3078  0.0269 3.3655E-08
  5   0.0003373    243.67 3.5378E+02  0.3077  0.0290 3.9311E-08
  6   0.0003958    244.92 3.3487E+02  0.3075  0.0321 4.5896E-08
  7   0.0004645    246.38 3.1771E+02  0.3073  0.0370 5.3543E-08
  8   0.0005451    248.08 3.0200E+02  0.3071  0.0432 6.2401E-08
  9   0.0006396    250.16 2.8762E+02  0.3068  0.0520 7.2622E-08
 10   0.0007506    252.63 2.7452E+02  0.3065  0.0615 8.4390E-08
 11   0.0008809    255.41 2.6265E+02  0.3062  0.0683 9.7957E-08
 12   0.0010337    258.45 2.5196E+02  0.3059  0.0739 1.1360E-07
 13   0.0012131    261.52 2.4238E+02  0.3055  0.0738 1.3175E-07
 14   0.0014236    264.65 2.3383E+02  0.3052  0.0743 1.5278E-07
 15   0.0016707    267.89 2.2620E+02  0.3049  0.0761 1.7713E-07
 16   0.0019606    271.23 2.1934E+02  0.3045  0.0776 2.0530E-07
 17   0.0023008    274.62 2.1333E+02  0.3042  0.0776 2.3795E-07
 18   0.0027000    278.07 2.0830E+02  0.3038  0.0781 2.7577E-07
 19   0.0031685    281.59 2.0414E+02  0.3035  0.0786 3.1959E-07
 20   0.0037184    285.24 2.0066E+02  0.3032  0.0805 3.7024E-07
 21   0.0043636    289.04 1.9774E+02  0.3029  0.0826 4.2878E-07
 22   0.0051208    292.97 1.9529E+02  0.3027  0.0843 4.9643E-07
 23   0.0060094    297.05 1.9322E+02  0.3024  0.0865 5.7456E-07
 24   0.0070521    301.33 1.9149E+02  0.3021  0.0894 6.6467E-07
 25   0.0082758    305.73 1.9004E+02  0.3019  0.0907 7.6877E-07
 26   0.0097119    310.20 1.8881E+02  0.3016  0.0907 8.8918E-07
 27   0.0113972    314.75 1.8776E+02  0.3013  0.0909 1.0284E-06
 28   0.0133749    319.36 1.8687E+02  0.3010  0.0910 1.1894E-06
 29   0.0156957    324.06 1.8611E+02  0.3009  0.0914 1.3756E-06
 30   0.0184193    328.90 1.8546E+02  0.3007  0.0926 1.5905E-06
 31   0.0216155    333.92 1.8493E+02  0.3005  0.0946 1.8385E-06
 32   0.0253663    339.13 1.8449E+02  0.3003  0.0968 2.1243E-06
 33   0.0297680    344.57 1.8413E+02  0.3001  0.0995 2.4536E-06
 34   0.0349335    350.25 1.8384E+02  0.3000  0.1022 2.8326E-06
 35   0.0409953    356.16 1.8360E+02  0.2998  0.1045 3.2691E-06
 36   0.0481090    362.30 1.8340E+02  0.2996  0.1069 3.7713E-06
 37   0.0564571    368.71 1.8324E+02  0.2995  0.1096 4.3488E-06
 38   0.0662538    375.43 1.8311E+02  0.2994  0.1128 5.0121E-06
 39   0.0777505    382.51 1.8301E+02  0.2993  0.1168 5.7728E-06
 40   0.0912421    390.03 1.8292E+02  0.2991  0.1217 6.6439E-06
 41   0.1070748    398.13 1.8286E+02  0.2990  0.1284 7.6383E-06
 42   0.1256549    406.75 1.8280E+02  0.2989  0.1338 8.7738E-06
 43   0.1474591    415.91 1.8276E+02  0.2988  0.1393 1.0069E-05
 44   0.1730469    425.69 1.8273E+02  0.2987  0.1453 1.1545E-05
 45   0.2030748    436.18 1.8270E+02  0.2986  0.1520 1.3223E-05
 46   0.2383133    447.46 1.8269E+02  0.2985  0.1597 1.5126E-05
 47   0.2796665    459.69 1.8267E+02  0.2985  0.1685 1.7278E-05
 48   0.3281955    473.07 1.8266E+02  0.2984  0.1792 1.9703E-05
 49   0.3851455    487.48 1.8264E+02  0.2983  0.1875 2.2439E-05
 50   0.4519777    503.02 1.8263E+02  0.2982  0.1962 2.5518E-05
 51   0.5304069    519.77 1.8261E+02  0.2981  0.2047 2.8981E-05
 52   0.6224455    537.84 1.8259E+02  0.2980  0.2136 3.2867E-05
 53   0.7304551    557.37 1.8257E+02  0.2979  0.2229 3.7218E-05
 54   0.8572070    578.47 1.8254E+02  0.2978  0.2322 4.2084E-05
 55   1.0059535    601.06 1.8251E+02  0.2976  0.2394 4.7530E-05
 56   1.1805111    624.69 1.8250E+02  0.2974  0.2409 5.3667E-05
 57   1.3853588    648.99 1.8248E+02  0.2972  0.2385 6.0619E-05
 58   1.6257525    673.91 1.8248E+02  0.2969  0.2354 6.8507E-05
 59   1.9078605    699.43 1.8248E+02  0.2966  0.2323 7.7460E-05
 60   2.2389212    725.69 1.8249E+02  0.2963  0.2304 8.7613E-05
 61   2.6274290    752.81 1.8250E+02  0.2958  0.2292 9.9115E-05
 62   3.0833524    780.91 1.8252E+02  0.2953  0.2290 1.1213E-04
 63   3.6183898    809.98 1.8255E+02  0.2949  0.2284 1.2686E-04
 64   4.2462693    840.38 1.8257E+02  0.2941  0.2302 1.4348E-04
 65   4.9831013    872.59 1.8259E+02  0.2934  0.2351 1.6217E-04
 66   5.8477918    907.27 1.8264E+02  0.2927  0.2436 1.8303E-04
 67   6.8625273    944.59 1.8269E+02  0.2916  0.2519 2.0631E-04
 68   8.0533443    984.80 1.8274E+02  0.2905  0.2605 2.3222E-04
 69   9.4507974   1028.09 1.8278E+02  0.2894  0.2689 2.6105E-04
 70  11.0907428   1074.38 1.8277E+02  0.2878  0.2752 2.9316E-04
 71  13.0152591   1122.93 1.8269E+02  0.2863  0.2763 3.2915E-04
 72  15.2737262   1172.65 1.8258E+02  0.2846  0.2707 3.6988E-04
 73  17.9240928   1222.18 1.8248E+02  0.2828  0.2586 4.1645E-04
 74  21.0343631   1270.97 1.8241E+02  0.2812  0.2446 4.6994E-04
 75  24.6843417   1318.83 1.8239E+02  0.2794  0.2310 5.3145E-04
 76  28.9676813   1366.31 1.8235E+02  0.2777  0.2210 6.0205E-04
 77  33.9942854   1413.92 1.8231E+02  0.2760  0.2141 6.8267E-04
 78  39.8931288   1461.57 1.8230E+02  0.2743  0.2071 7.7489E-04
 79  46.8155664   1509.87 1.8231E+02  0.2726  0.2032 8.8011E-04
 80  54.9392170   1559.54 1.8246E+02  0.2709  0.2023 9.9980E-04
 81  64.4725205   1611.62 1.8274E+02  0.2692  0.2053 1.1353E-03
 82  75.6600862   1667.37 1.8363E+02  0.2674  0.2125 1.2878E-03
 83  88.7889694   1728.48 1.8608E+02  0.2654  0.2250 1.4581E-03
 84 104.1960362   1798.30 1.3041E+06  0.2633  0.2475 1.6450E-03
 85 122.2766076   1875.35 3.5149E+06  0.2609  0.2622 1.8507E-03
 86 143.4946021   1954.90 6.1377E+06  0.2583  0.2596 2.0835E-03
 87 168.3944398   2037.00 9.1802E+06  0.2558  0.2571 2.3466E-03
 88 197.6150108   2121.63 1.1422E+07  0.2528  0.2544 2.6445E-03
 89 231.9060686   2208.75 1.3486E+07  0.2500  0.2515 2.9816E-03
 90 272.1474671   2298.45 1.4800E+07  0.2471  0.2488 3.3638E-03
 91 319.3717366   2390.53 1.7936E+07  0.2436  0.2455 3.7965E-03
