 850.  3160.00   0.28 0.0 0.100E+06  0.00  1.00  1.00  Teff, grav(MKS), Y, f_sed, kz_min, [Fe/H], C/O, f_hole
  1   0.0001778    283.25 4.5129E+02  0.0000  0.0000 1.7831E-08
  2   0.0002086    284.29 5.3698E+02  0.3031  0.0228 2.0837E-08
  3   0.0002446    285.41 6.2511E+02  0.3031  0.0248 2.4343E-08
  4   0.0002869    286.66 6.1531E+02  0.3030  0.0274 2.8427E-08
  5   0.0003365    287.97 5.8909E+02  0.3029  0.0286 3.3190E-08
  6   0.0003947    289.38 5.6427E+02  0.3028  0.0305 3.8739E-08
  7   0.0004629    290.91 5.4065E+02  0.3027  0.0332 4.5196E-08
  8   0.0005430    292.59 5.1827E+02  0.3026  0.0359 5.2706E-08
  9   0.0006368    294.43 4.9717E+02  0.3025  0.0394 6.1431E-08
 10   0.0007469    296.48 4.7744E+02  0.3024  0.0435 7.1553E-08
 11   0.0008761    298.77 4.5911E+02  0.3022  0.0484 8.3277E-08
 12   0.0010275    301.33 4.4202E+02  0.3021  0.0534 9.6846E-08
 13   0.0012051    304.12 4.2601E+02  0.3019  0.0578 1.1255E-07
 14   0.0014135    307.12 4.1112E+02  0.3017  0.0617 1.3071E-07
 15   0.0016579    310.30 3.9749E+02  0.3015  0.0645 1.5174E-07
 16   0.0019445    313.59 3.8520E+02  0.3013  0.0661 1.7611E-07
 17   0.0022806    316.95 3.7422E+02  0.3011  0.0669 2.0436E-07
 18   0.0026749    320.39 3.6451E+02  0.3010  0.0677 2.3711E-07
 19   0.0031373    323.91 3.5595E+02  0.3009  0.0685 2.7508E-07
 20   0.0036797    327.55 3.4845E+02  0.3007  0.0700 3.1906E-07
 21   0.0043159    331.33 3.4196E+02  0.3006  0.0719 3.6995E-07
 22   0.0050620    335.27 3.3641E+02  0.3004  0.0742 4.2880E-07
 23   0.0059371    339.40 3.3171E+02  0.3003  0.0768 4.9681E-07
 24   0.0069635    343.72 3.2778E+02  0.3002  0.0792 5.7538E-07
 25   0.0081673    348.17 3.2450E+02  0.3000  0.0806 6.6623E-07
 26   0.0095793    352.70 3.2173E+02  0.2999  0.0811 7.7137E-07
 27   0.0112354    357.31 3.1935E+02  0.2997  0.0815 8.9305E-07
 28   0.0131777    361.97 3.1727E+02  0.2996  0.0813 1.0339E-06
 29   0.0154559    366.67 3.1545E+02  0.2995  0.0809 1.1971E-06
 30   0.0181279    371.44 3.1385E+02  0.2994  0.0810 1.3861E-06
 31   0.0212619    376.29 3.1245E+02  0.2994  0.0814 1.6048E-06
 32   0.0249376    381.26 3.1126E+02  0.2993  0.0823 1.8577E-06
 33   0.0292488    386.40 3.1025E+02  0.2992  0.0841 2.1498E-06
 34   0.0343053    391.80 3.0941E+02  0.2991  0.0870 2.4867E-06
 35   0.0402360    397.43 3.0872E+02  0.2990  0.0895 2.8753E-06
 36   0.0471920    403.32 3.0815E+02  0.2989  0.0921 3.3232E-06
 37   0.0553505    409.48 3.0768E+02  0.2989  0.0951 3.8390E-06
 38   0.0649195    415.95 3.0730E+02  0.2988  0.0984 4.4326E-06
 39   0.0761427    422.77 3.0698E+02  0.2987  0.1019 5.1151E-06
 40   0.0893062    429.97 3.0672E+02  0.2987  0.1059 5.8989E-06
 41   0.1047454    437.70 3.0651E+02  0.2986  0.1118 6.7965E-06
 42   0.1228537    445.94 3.0634E+02  0.2985  0.1169 7.8242E-06
 43   0.1440926    454.69 3.0621E+02  0.2985  0.1218 9.0003E-06
 44   0.1690033    464.01 3.0609E+02  0.2984  0.1272 1.0344E-05
 45   0.1982205    473.97 3.0600E+02  0.2984  0.1332 1.1877E-05
 46   0.2324887    484.66 3.0593E+02  0.2983  0.1398 1.3624E-05
 47   0.2726813    496.17 3.0587E+02  0.2982  0.1472 1.5608E-05
 48   0.3198222    508.72 3.0583E+02  0.2982  0.1567 1.7855E-05
 49   0.3751129    522.06 3.0579E+02  0.2981  0.1624 2.0406E-05
 50   0.4399623    536.24 3.0577E+02  0.2980  0.1680 2.3300E-05
 51   0.5160227    551.37 3.0574E+02  0.2979  0.1745 2.6578E-05
 52   0.6052324    567.60 3.0572E+02  0.2978  0.1819 3.0281E-05
 53   0.7098647    585.03 3.0571E+02  0.2977  0.1898 3.4458E-05
 54   0.8325857    603.70 3.0569E+02  0.2975  0.1970 3.9165E-05
 55   0.9765226    623.73 3.0568E+02  0.2974  0.2047 4.4462E-05
 56   1.1453433    645.01 3.0567E+02  0.2972  0.2103 5.0427E-05
 57   1.3433496    667.15 3.0566E+02  0.2969  0.2117 5.7181E-05
 58   1.5755872    690.14 3.0566E+02  0.2967  0.2125 6.4831E-05
 59   1.8479738    714.06 3.0567E+02  0.2964  0.2137 7.3492E-05
 60   2.1674505    738.98 3.0568E+02  0.2960  0.2152 8.3291E-05
 61   2.5421581    764.93 3.0569E+02  0.2956  0.2164 9.4377E-05
 62   2.9816450    791.97 3.0571E+02  0.2951  0.2178 1.0692E-04
 63   3.4971102    820.02 3.0574E+02  0.2946  0.2183 1.2111E-04
 64   4.1016886    849.19 3.0577E+02  0.2939  0.2192 1.3716E-04
 65   4.8107863    879.83 3.0580E+02  0.2933  0.2223 1.5527E-04
 66   5.6424724    912.28 3.0585E+02  0.2925  0.2271 1.7564E-04
 67   6.6179399    946.81 3.0590E+02  0.2915  0.2330 1.9849E-04
 68   7.7620456    983.70 3.0597E+02  0.2905  0.2397 2.2407E-04
 69   9.1039438   1023.29 3.0604E+02  0.2895  0.2474 2.5265E-04
 70  10.6778286   1065.84 3.0609E+02  0.2881  0.2555 2.8451E-04
 71  12.5238057   1111.21 3.0605E+02  0.2866  0.2614 3.2007E-04
 72  14.6889143   1159.04 3.0593E+02  0.2851  0.2643 3.5990E-04
 73  17.2283256   1208.31 3.0578E+02  0.2833  0.2611 4.0489E-04
 74  20.2067490   1258.06 3.0566E+02  0.2816  0.2531 4.5608E-04
 75  23.7000806   1307.50 3.0558E+02  0.2798  0.2417 5.1468E-04
 76  27.7973375   1356.47 3.0554E+02  0.2780  0.2306 5.8189E-04
 77  32.6029258   1405.31 3.0551E+02  0.2763  0.2218 6.5877E-04
 78  38.2393016   1453.51 3.0552E+02  0.2746  0.2115 7.4691E-04
 79  44.8500909   1501.57 3.0557E+02  0.2729  0.2040 8.4784E-04
 80  52.6037498   1550.10 3.0581E+02  0.2712  0.1995 9.6314E-04
 81  61.6978570   1599.98 3.0625E+02  0.2696  0.1986 1.0943E-03
 82  72.3641484   1652.37 3.0718E+02  0.2678  0.2021 1.2429E-03
 83  84.8744224   1708.84 3.0924E+02  0.2660  0.2107 1.4098E-03
 84  99.5474656   1771.81 1.8655E+05  0.2641  0.2269 1.5952E-03
 85 116.7571764   1847.72 3.0069E+06  0.2618  0.2631 1.7936E-03
 86 136.9420925   1926.09 7.3135E+06  0.2592  0.2605 2.0180E-03
 87 160.6165657   2006.99 1.2466E+07  0.2567  0.2580 2.2718E-03
 88 188.3838688   2090.45 1.6727E+07  0.2539  0.2555 2.5583E-03
 89 220.9515679   2176.35 2.0627E+07  0.2510  0.2525 2.8829E-03
 90 259.1495527   2264.78 2.3352E+07  0.2483  0.2498 3.2501E-03
 91 303.9511841   2355.70 2.9591E+07  0.2449  0.2468 3.6661E-03
