 950.  3160.00   0.28 0.0 0.100E+06  0.00  1.00  1.00  Teff, grav(MKS), Y, f_sed, kz_min, [Fe/H], C/O, f_hole
  1   0.0001778    322.98 8.1860E+02  0.0000  0.0000 1.5636E-08
  2   0.0002077    324.24 9.5562E+02  0.3008  0.0251 1.8191E-08
  3   0.0002426    325.63 1.0975E+03  0.3007  0.0275 2.1157E-08
  4   0.0002833    327.16 1.0819E+03  0.3007  0.0301 2.4596E-08
  5   0.0003309    328.80 1.0399E+03  0.3006  0.0323 2.8584E-08
  6   0.0003865    330.57 1.0002E+03  0.3006  0.0347 3.3205E-08
  7   0.0004514    332.52 9.6236E+02  0.3005  0.0377 3.8556E-08
  8   0.0005273    334.64 9.2619E+02  0.3004  0.0410 4.4747E-08
  9   0.0006158    336.96 8.9176E+02  0.3004  0.0445 5.1903E-08
 10   0.0007193    339.50 8.5918E+02  0.3003  0.0484 6.0168E-08
 11   0.0008401    342.29 8.2860E+02  0.3002  0.0526 6.9704E-08
 12   0.0009812    345.34 8.0020E+02  0.3001  0.0571 8.0696E-08
 13   0.0011460    348.63 7.7419E+02  0.3000  0.0610 9.3361E-08
 14   0.0013386    352.07 7.5061E+02  0.2999  0.0634 1.0797E-07
 15   0.0015634    355.65 7.2941E+02  0.2997  0.0651 1.2484E-07
 16   0.0018260    359.33 7.1046E+02  0.2997  0.0664 1.4431E-07
 17   0.0021327    363.11 6.9361E+02  0.2996  0.0674 1.6680E-07
 18   0.0024910    366.99 6.7866E+02  0.2995  0.0683 1.9277E-07
 19   0.0029094    370.97 6.6545E+02  0.2994  0.0695 2.2274E-07
 20   0.0033981    375.05 6.5386E+02  0.2994  0.0705 2.5732E-07
 21   0.0039689    379.22 6.4372E+02  0.2993  0.0711 2.9723E-07
 22   0.0046356    383.50 6.3491E+02  0.2992  0.0724 3.4327E-07
 23   0.0054143    387.91 6.2730E+02  0.2992  0.0736 3.9638E-07
 24   0.0063237    392.41 6.2075E+02  0.2991  0.0743 4.5765E-07
 25   0.0073860    396.99 6.1511E+02  0.2990  0.0746 5.2837E-07
 26   0.0086266    401.63 6.1022E+02  0.2989  0.0750 6.0999E-07
 27   0.0100757    406.37 6.0596E+02  0.2989  0.0755 7.0416E-07
 28   0.0117681    411.15 6.0221E+02  0.2988  0.0753 8.1286E-07
 29   0.0137449    415.92 5.9889E+02  0.2988  0.0742 9.3851E-07
 30   0.0160537    420.67 5.9593E+02  0.2988  0.0732 1.0838E-06
 31   0.0187503    425.45 5.9330E+02  0.2987  0.0728 1.2516E-06
 32   0.0218999    430.32 5.9097E+02  0.2987  0.0732 1.4453E-06
 33   0.0255785    435.31 5.8892E+02  0.2986  0.0743 1.6688E-06
 34   0.0298751    440.54 5.8714E+02  0.2986  0.0770 1.9259E-06
 35   0.0348934    446.07 5.8561E+02  0.2985  0.0803 2.2215E-06
 36   0.0407546    451.83 5.8430E+02  0.2985  0.0826 2.5616E-06
 37   0.0476004    457.83 5.8319E+02  0.2984  0.0851 2.9526E-06
 38   0.0555961    464.15 5.8224E+02  0.2984  0.0882 3.4016E-06
 39   0.0649348    470.81 5.8144E+02  0.2984  0.0917 3.9168E-06
 40   0.0758423    477.86 5.8076E+02  0.2983  0.0958 4.5072E-06
 41   0.0885819    485.36 5.8019E+02  0.2983  0.1003 5.1831E-06
 42   0.1034614    493.48 5.7971E+02  0.2982  0.1069 5.9542E-06
 43   0.1208404    502.16 5.7931E+02  0.2982  0.1123 6.8339E-06
 44   0.1411386    511.33 5.7899E+02  0.2981  0.1165 7.8386E-06
 45   0.1648464    521.01 5.7872E+02  0.2981  0.1208 8.9851E-06
 46   0.1925365    531.28 5.7850E+02  0.2980  0.1258 1.0291E-05
 47   0.2248778    542.24 5.7833E+02  0.2979  0.1315 1.1777E-05
 48   0.2626517    553.99 5.7819E+02  0.2979  0.1380 1.3464E-05
 49   0.3067707    566.73 5.7807E+02  0.2978  0.1464 1.5373E-05
 50   0.3583005    580.33 5.7799E+02  0.2977  0.1528 1.7533E-05
 51   0.4184862    594.68 5.7792E+02  0.2976  0.1573 1.9984E-05
 52   0.4887814    609.86 5.7787E+02  0.2975  0.1623 2.2759E-05
 53   0.5708846    625.99 5.7783E+02  0.2973  0.1682 2.5897E-05
 54   0.6667791    643.21 5.7780E+02  0.2972  0.1747 2.9438E-05
 55   0.7787814    661.61 5.7777E+02  0.2970  0.1816 3.3427E-05
 56   0.9095974    681.21 5.7775E+02  0.2968  0.1880 3.7919E-05
 57   1.0623872    702.07 5.7774E+02  0.2965  0.1943 4.2972E-05
 58   1.2408419    723.89 5.7773E+02  0.2963  0.1971 4.8677E-05
 59   1.4492725    746.75 5.7773E+02  0.2959  0.2002 5.5112E-05
 60   1.6927144    770.73 5.7773E+02  0.2955  0.2036 6.2367E-05
 61   1.9770484    795.91 5.7774E+02  0.2951  0.2070 7.0539E-05
 62   2.3091435    822.34 5.7775E+02  0.2945  0.2104 7.9740E-05
 63   2.6970224    850.14 5.7777E+02  0.2939  0.2141 9.0090E-05
 64   3.1500553    879.47 5.7778E+02  0.2932  0.2184 1.0171E-04
 65   3.6791864    910.21 5.7781E+02  0.2926  0.2213 1.1479E-04
 66   4.2971985    942.56 5.7785E+02  0.2916  0.2249 1.2947E-04
 67   5.0190213    976.74 5.7790E+02  0.2907  0.2294 1.4592E-04
 68   5.8620924   1013.02 5.7795E+02  0.2897  0.2348 1.6433E-04
 69   6.8467786   1051.78 5.7799E+02  0.2885  0.2418 1.8486E-04
 70   7.9968676   1093.10 5.7802E+02  0.2872  0.2482 2.0775E-04
 71   9.3401430   1137.05 5.7800E+02  0.2858  0.2539 2.3328E-04
 72  10.9090554   1183.50 5.7789E+02  0.2842  0.2579 2.6176E-04
 73  12.7415062   1231.47 5.7765E+02  0.2825  0.2559 2.9380E-04
 74  14.8817633   1280.13 5.7743E+02  0.2808  0.2496 3.3007E-04
 75  17.3815305   1328.44 5.7730E+02  0.2790  0.2386 3.7144E-04
 76  20.3011965   1376.10 5.7727E+02  0.2773  0.2270 4.1877E-04
 77  23.7112941   1423.33 5.7728E+02  0.2757  0.2173 4.7288E-04
 78  27.6942035   1470.62 5.7735E+02  0.2740  0.2105 5.3462E-04
 79  32.3461429   1518.57 5.7747E+02  0.2723  0.2067 6.0469E-04
 80  37.7794928   1566.16 5.7766E+02  0.2707  0.1987 6.8462E-04
 81  44.1255107   1614.40 5.7794E+02  0.2690  0.1954 7.7556E-04
 82  51.5375022   1664.37 5.7847E+02  0.2673  0.1963 8.7853E-04
 83  60.1945245   1717.61 5.7947E+02  0.2656  0.2028 9.9431E-04
 84  70.3057119   1776.14 5.8148E+02  0.2638  0.2158 1.1232E-03
 85  82.1153280   1847.88 3.2169E+06  0.2616  0.2550 1.2613E-03
 86  95.9086667   1924.13 9.7387E+06  0.2591  0.2604 1.4153E-03
 87 112.0189443   2002.74 1.8126E+07  0.2566  0.2579 1.5883E-03
 88 130.8353490   2083.75 2.5688E+07  0.2538  0.2554 1.7825E-03
 89 152.8124430   2167.04 3.1792E+07  0.2508  0.2524 2.0022E-03
 90 178.4811439   2252.66 3.6109E+07  0.2481  0.2496 2.2499E-03
 91 208.4615500   2340.62 4.6172E+07  0.2446  0.2467 2.5296E-03
